      #Energy        PDOS
     -20.19974       0.00000
     -20.19074       0.00000
     -20.18074       0.00000
     -20.17074       0.00000
     -20.16174       0.00000
     -20.15174       0.00000
     -20.14174       0.00000
     -20.13174       0.00000
     -20.12274       0.00000
     -20.11274       0.00000
     -20.10274       0.00000
     -20.09374       0.00000
     -20.08374       0.00000
     -20.07374       0.00000
     -20.06374       0.00000
     -20.05474       0.00000
     -20.04474       0.00000
     -20.03474       0.00000
     -20.02574       0.00000
     -20.01574       0.00000
     -20.00574       0.00000
     -19.99674       0.00000
     -19.98674       0.00000
     -19.97674       0.00000
     -19.96674       0.00000
     -19.95774       0.00000
     -19.94774       0.00000
     -19.93774       0.00000
     -19.92874       0.00000
     -19.91874       0.00000
     -19.90874       0.00000
     -19.89874       0.00000
     -19.88974       0.00000
     -19.87974       0.00000
     -19.86974       0.00000
     -19.86074       0.00000
     -19.85074       0.00000
     -19.84074       0.00000
     -19.83074       0.00000
     -19.82174       0.00000
     -19.81174       0.00000
     -19.80174       0.00000
     -19.79274       0.00000
     -19.78274       0.00000
     -19.77274       0.00000
     -19.76274       0.00000
     -19.75374       0.00000
     -19.74374       0.00000
     -19.73374       0.00000
     -19.72474       0.00000
     -19.71474       0.00000
     -19.70474       0.00000
     -19.69474       0.00000
     -19.68574       0.00000
     -19.67574       0.00000
     -19.66574       0.00000
     -19.65674       0.00000
     -19.64674       0.00000
     -19.63674       0.00000
     -19.62674       0.00000
     -19.61774       0.00000
     -19.60774       0.00000
     -19.59774       0.00000
     -19.58874       0.00000
     -19.57874       0.00000
     -19.56874       0.00000
     -19.55874       0.00000
     -19.54974       0.00000
     -19.53974       0.00000
     -19.52974       0.00000
     -19.52074       0.00000
     -19.51074       0.00000
     -19.50074       0.00000
     -19.49074       0.00000
     -19.48174       0.00000
     -19.47174       0.00000
     -19.46174       0.00000
     -19.45274       0.00000
     -19.44274       0.00000
     -19.43274       0.00000
     -19.42274       0.00000
     -19.41374       0.00000
     -19.40374       0.00000
     -19.39374       0.00000
     -19.38474       0.00000
     -19.37474       0.00000
     -19.36474       0.00000
     -19.35474       0.00000
     -19.34574       0.00000
     -19.33574       0.00000
     -19.32574       0.00000
     -19.31674       0.00000
     -19.30674       0.00000
     -19.29674       0.00000
     -19.28674       0.00000
     -19.27774       0.00000
     -19.26774       0.00000
     -19.25774       0.00000
     -19.24874       0.00000
     -19.23874       0.00000
     -19.22874       0.00000
     -19.21874       0.00000
     -19.20974       0.00000
     -19.19974       0.00000
     -19.18974       0.00000
     -19.18074       0.00000
     -19.17074       0.00000
     -19.16074       0.00000
     -19.15074       0.00000
     -19.14174       0.00000
     -19.13174       0.00000
     -19.12174       0.00000
     -19.11274       0.00000
     -19.10274       0.00001
     -19.09274       0.00001
     -19.08274       0.00002
     -19.07374       0.00002
     -19.06374       0.00003
     -19.05374       0.00005
     -19.04474       0.00007
     -19.03474       0.00010
     -19.02474       0.00014
     -19.01474       0.00019
     -19.00574       0.00025
     -18.99574       0.00032
     -18.98574       0.00041
     -18.97674       0.00051
     -18.96674       0.00063
     -18.95674       0.00075
     -18.94674       0.00089
     -18.93774       0.00104
     -18.92774       0.00118
     -18.91774       0.00132
     -18.90874       0.00145
     -18.89874       0.00156
     -18.88874       0.00165
     -18.87874       0.00171
     -18.86974       0.00174
     -18.85974       0.00174
     -18.84974       0.00171
     -18.84074       0.00164
     -18.83074       0.00155
     -18.82074       0.00144
     -18.81074       0.00131
     -18.80174       0.00117
     -18.79174       0.00102
     -18.78174       0.00088
     -18.77274       0.00075
     -18.76274       0.00063
     -18.75274       0.00052
     -18.74274       0.00043
     -18.73374       0.00036
     -18.72374       0.00031
     -18.71374       0.00028
     -18.70474       0.00028
     -18.69474       0.00030
     -18.68474       0.00035
     -18.67474       0.00044
     -18.66574       0.00057
     -18.65574       0.00075
     -18.64574       0.00099
     -18.63674       0.00130
     -18.62674       0.00168
     -18.61674       0.00216
     -18.60674       0.00274
     -18.59774       0.00345
     -18.58774       0.00428
     -18.57774       0.00527
     -18.56874       0.00641
     -18.55874       0.00773
     -18.54874       0.00925
     -18.53874       0.01096
     -18.52974       0.01290
     -18.51974       0.01508
     -18.50974       0.01751
     -18.50074       0.02023
     -18.49074       0.02325
     -18.48074       0.02658
     -18.47074       0.03025
     -18.46174       0.03426
     -18.45174       0.03858
     -18.44174       0.04320
     -18.43274       0.04807
     -18.42274       0.05312
     -18.41274       0.05826
     -18.40274       0.06339
     -18.39374       0.06841
     -18.38374       0.07320
     -18.37374       0.07765
     -18.36474       0.08166
     -18.35474       0.08516
     -18.34474       0.08810
     -18.33474       0.09046
     -18.32574       0.09222
     -18.31574       0.09338
     -18.30574       0.09398
     -18.29674       0.09403
     -18.28674       0.09356
     -18.27674       0.09258
     -18.26674       0.09112
     -18.25774       0.08920
     -18.24774       0.08681
     -18.23774       0.08400
     -18.22874       0.08081
     -18.21874       0.07731
     -18.20874       0.07361
     -18.19874       0.06979
     -18.18974       0.06601
     -18.17974       0.06244
     -18.16974       0.05923
     -18.16074       0.05658
     -18.15074       0.05464
     -18.14074       0.05357
     -18.13074       0.05351
     -18.12174       0.05458
     -18.11174       0.05683
     -18.10174       0.06034
     -18.09274       0.06510
     -18.08274       0.07110
     -18.07274       0.07827
     -18.06274       0.08651
     -18.05374       0.09569
     -18.04374       0.10560
     -18.03374       0.11604
     -18.02474       0.12673
     -18.01474       0.13756
     -18.00474       0.14809
     -17.99474       0.15805
     -17.98574       0.16743
     -17.97574       0.17603
     -17.96574       0.18364
     -17.95674       0.19043
     -17.94674       0.19663
     -17.93674       0.20222
     -17.92674       0.20766
     -17.91774       0.21333
     -17.90774       0.21946
     -17.89774       0.22642
     -17.88874       0.23446
     -17.87874       0.24383
     -17.86874       0.25445
     -17.85874       0.26628
     -17.84974       0.27879
     -17.83974       0.29188
     -17.82974       0.30471
     -17.82074       0.31676
     -17.81074       0.32720
     -17.80074       0.33572
     -17.79074       0.34138
     -17.78174       0.34417
     -17.77174       0.34356
     -17.76174       0.33973
     -17.75274       0.33279
     -17.74274       0.32311
     -17.73274       0.31129
     -17.72274       0.29775
     -17.71374       0.28328
     -17.70374       0.26872
     -17.69374       0.25477
     -17.68474       0.24192
     -17.67474       0.23073
     -17.66474       0.22163
     -17.65474       0.21487
     -17.64574       0.21060
     -17.63574       0.20875
     -17.62574       0.20916
     -17.61674       0.21166
     -17.60674       0.21573
     -17.59674       0.22115
     -17.58674       0.22720
     -17.57774       0.23350
     -17.56774       0.23953
     -17.55774       0.24490
     -17.54874       0.24913
     -17.53874       0.25193
     -17.52874       0.25317
     -17.51874       0.25282
     -17.50974       0.25096
     -17.49974       0.24759
     -17.48974       0.24324
     -17.48074       0.23820
     -17.47074       0.23280
     -17.46074       0.22744
     -17.45074       0.22255
     -17.44174       0.21853
     -17.43174       0.21550
     -17.42174       0.21372
     -17.41274       0.21324
     -17.40274       0.21393
     -17.39274       0.21585
     -17.38274       0.21860
     -17.37374       0.22199
     -17.36374       0.22569
     -17.35374       0.22913
     -17.34474       0.23222
     -17.33474       0.23447
     -17.32474       0.23562
     -17.31474       0.23535
     -17.30574       0.23352
     -17.29574       0.23018
     -17.28574       0.22520
     -17.27674       0.21864
     -17.26674       0.21077
     -17.25674       0.20167
     -17.24674       0.19162
     -17.23774       0.18090
     -17.22774       0.16983
     -17.21774       0.15848
     -17.20874       0.14715
     -17.19874       0.13616
     -17.18874       0.12540
     -17.17874       0.11526
     -17.16974       0.10550
     -17.15974       0.09632
     -17.14974       0.08769
     -17.14074       0.07958
     -17.13074       0.07198
     -17.12074       0.06486
     -17.11074       0.05821
     -17.10174       0.05201
     -17.09174       0.04627
     -17.08174       0.04100
     -17.07274       0.03621
     -17.06274       0.03192
     -17.05274       0.02813
     -17.04274       0.02486
     -17.03374       0.02210
     -17.02374       0.01984
     -17.01374       0.01806
     -17.00474       0.01672
     -16.99474       0.01580
     -16.98474       0.01523
     -16.97474       0.01497
     -16.96574       0.01496
     -16.95574       0.01517
     -16.94574       0.01553
     -16.93674       0.01600
     -16.92674       0.01654
     -16.91674       0.01711
     -16.90674       0.01769
     -16.89774       0.01822
     -16.88774       0.01871
     -16.87774       0.01911
     -16.86874       0.01943
     -16.85874       0.01963
     -16.84874       0.01971
     -16.83874       0.01966
     -16.82974       0.01948
     -16.81974       0.01917
     -16.80974       0.01873
     -16.80074       0.01817
     -16.79074       0.01749
     -16.78074       0.01672
     -16.77074       0.01587
     -16.76174       0.01495
     -16.75174       0.01398
     -16.74174       0.01297
     -16.73274       0.01195
     -16.72274       0.01092
     -16.71274       0.00991
     -16.70374       0.00892
     -16.69374       0.00797
     -16.68374       0.00706
     -16.67374       0.00621
     -16.66474       0.00540
     -16.65474       0.00466
     -16.64474       0.00398
     -16.63574       0.00337
     -16.62574       0.00282
     -16.61574       0.00233
     -16.60574       0.00191
     -16.59674       0.00154
     -16.58674       0.00123
     -16.57674       0.00097
     -16.56774       0.00076
     -16.55774       0.00058
     -16.54774       0.00044
     -16.53774       0.00033
     -16.52874       0.00025
     -16.51874       0.00018
     -16.50874       0.00014
     -16.49974       0.00011
     -16.48974       0.00010
     -16.47974       0.00010
     -16.46974       0.00012
     -16.46074       0.00015
     -16.45074       0.00020
     -16.44074       0.00027
     -16.43174       0.00037
     -16.42174       0.00049
     -16.41174       0.00065
     -16.40174       0.00084
     -16.39274       0.00107
     -16.38274       0.00133
     -16.37274       0.00163
     -16.36374       0.00197
     -16.35374       0.00233
     -16.34374       0.00271
     -16.33374       0.00309
     -16.32474       0.00346
     -16.31474       0.00381
     -16.30474       0.00412
     -16.29574       0.00438
     -16.28574       0.00456
     -16.27574       0.00468
     -16.26574       0.00471
     -16.25674       0.00465
     -16.24674       0.00452
     -16.23674       0.00431
     -16.22774       0.00404
     -16.21774       0.00371
     -16.20774       0.00336
     -16.19774       0.00298
     -16.18874       0.00260
     -16.17874       0.00223
     -16.16874       0.00188
     -16.15974       0.00155
     -16.14974       0.00126
     -16.13974       0.00101
     -16.12974       0.00079
     -16.12074       0.00061
     -16.11074       0.00046
     -16.10074       0.00034
     -16.09174       0.00025
     -16.08174       0.00018
     -16.07174       0.00013
     -16.06174       0.00009
     -16.05274       0.00006
     -16.04274       0.00004
     -16.03274       0.00003
     -16.02374       0.00002
     -16.01374       0.00001
     -16.00374       0.00001
     -15.99374       0.00000
     -15.98474       0.00000
     -15.97474       0.00000
     -15.96474       0.00000
     -15.95574       0.00000
     -15.94574       0.00000
     -15.93574       0.00000
     -15.92574       0.00000
     -15.91674       0.00000
     -15.90674       0.00000
     -15.89674       0.00000
     -15.88774       0.00000
     -15.87774       0.00000
     -15.86774       0.00000
     -15.85774       0.00000
     -15.84874       0.00000
     -15.83874       0.00000
     -15.82874       0.00000
     -15.81974       0.00000
     -15.80974       0.00000
     -15.79974       0.00000
     -15.78974       0.00000
     -15.78074       0.00000
     -15.77074       0.00000
     -15.76074       0.00000
     -15.75174       0.00000
     -15.74174       0.00000
     -15.73174       0.00000
     -15.72174       0.00000
     -15.71274       0.00000
     -15.70274       0.00000
     -15.69274       0.00000
     -15.68374       0.00000
     -15.67374       0.00000
     -15.66374       0.00000
     -15.65374       0.00000
     -15.64474       0.00000
     -15.63474       0.00000
     -15.62474       0.00000
     -15.61574       0.00000
     -15.60574       0.00000
     -15.59574       0.00000
     -15.58574       0.00000
     -15.57674       0.00000
     -15.56674       0.00000
     -15.55674       0.00000
     -15.54774       0.00000
     -15.53774       0.00000
     -15.52774       0.00000
     -15.51774       0.00000
     -15.50874       0.00000
     -15.49874       0.00000
     -15.48874       0.00000
     -15.47974       0.00000
     -15.46974       0.00000
     -15.45974       0.00000
     -15.44974       0.00000
     -15.44074       0.00000
     -15.43074       0.00000
     -15.42074       0.00000
     -15.41174       0.00000
     -15.40174       0.00000
     -15.39174       0.00000
     -15.38174       0.00000
     -15.37274       0.00000
     -15.36274       0.00000
     -15.35274       0.00000
     -15.34374       0.00000
     -15.33374       0.00000
     -15.32374       0.00000
     -15.31374       0.00000
     -15.30474       0.00000
     -15.29474       0.00000
     -15.28474       0.00000
     -15.27574       0.00000
     -15.26574       0.00000
     -15.25574       0.00000
     -15.24574       0.00000
     -15.23674       0.00000
     -15.22674       0.00000
     -15.21674       0.00000
     -15.20774       0.00000
     -15.19774       0.00000
     -15.18774       0.00000
     -15.17774       0.00000
     -15.16874       0.00000
     -15.15874       0.00000
     -15.14874       0.00000
     -15.13974       0.00000
     -15.12974       0.00000
     -15.11974       0.00000
     -15.10974       0.00000
     -15.10074       0.00000
     -15.09074       0.00000
     -15.08074       0.00000
     -15.07174       0.00000
     -15.06174       0.00000
     -15.05174       0.00000
     -15.04174       0.00000
     -15.03274       0.00000
     -15.02274       0.00000
     -15.01274       0.00000
     -15.00374       0.00000
     -14.99374       0.00000
     -14.98374       0.00000
     -14.97374       0.00000
     -14.96474       0.00000
     -14.95474       0.00000
     -14.94474       0.00000
     -14.93574       0.00000
     -14.92574       0.00000
     -14.91574       0.00000
     -14.90574       0.00000
     -14.89674       0.00000
     -14.88674       0.00000
     -14.87674       0.00000
     -14.86774       0.00000
     -14.85774       0.00000
     -14.84774       0.00000
     -14.83774       0.00000
     -14.82874       0.00000
     -14.81874       0.00000
     -14.80874       0.00000
     -14.79974       0.00000
     -14.78974       0.00000
     -14.77974       0.00000
     -14.76974       0.00000
     -14.76074       0.00000
     -14.75074       0.00000
     -14.74074       0.00000
     -14.73174       0.00000
     -14.72174       0.00000
     -14.71174       0.00000
     -14.70174       0.00000
     -14.69274       0.00000
     -14.68274       0.00000
     -14.67274       0.00000
     -14.66374       0.00000
     -14.65374       0.00000
     -14.64374       0.00000
     -14.63374       0.00000
     -14.62474       0.00000
     -14.61474       0.00000
     -14.60474       0.00000
     -14.59574       0.00000
     -14.58574       0.00000
     -14.57574       0.00000
     -14.56574       0.00000
     -14.55674       0.00000
     -14.54674       0.00000
     -14.53674       0.00000
     -14.52774       0.00000
     -14.51774       0.00000
     -14.50774       0.00000
     -14.49774       0.00000
     -14.48874       0.00000
     -14.47874       0.00000
     -14.46874       0.00000
     -14.45974       0.00000
     -14.44974       0.00000
     -14.43974       0.00000
     -14.42974       0.00000
     -14.42074       0.00000
     -14.41074       0.00000
     -14.40074       0.00000
     -14.39174       0.00000
     -14.38174       0.00000
     -14.37174       0.00000
     -14.36174       0.00000
     -14.35274       0.00000
     -14.34274       0.00000
     -14.33274       0.00000
     -14.32374       0.00000
     -14.31374       0.00000
     -14.30374       0.00000
     -14.29374       0.00000
     -14.28474       0.00000
     -14.27474       0.00000
     -14.26474       0.00000
     -14.25574       0.00000
     -14.24574       0.00000
     -14.23574       0.00000
     -14.22574       0.00000
     -14.21674       0.00000
     -14.20674       0.00000
     -14.19674       0.00000
     -14.18774       0.00000
     -14.17774       0.00000
     -14.16774       0.00000
     -14.15774       0.00000
     -14.14874       0.00000
     -14.13874       0.00000
     -14.12874       0.00000
     -14.11974       0.00000
     -14.10974       0.00000
     -14.09974       0.00000
     -14.08974       0.00000
     -14.08074       0.00000
     -14.07074       0.00000
     -14.06074       0.00000
     -14.05174       0.00000
     -14.04174       0.00000
     -14.03174       0.00000
     -14.02174       0.00000
     -14.01274       0.00000
     -14.00274       0.00000
     -13.99274       0.00000
     -13.98374       0.00000
     -13.97374       0.00000
     -13.96374       0.00000
     -13.95374       0.00000
     -13.94474       0.00000
     -13.93474       0.00000
     -13.92474       0.00000
     -13.91574       0.00000
     -13.90574       0.00000
     -13.89574       0.00000
     -13.88574       0.00000
     -13.87674       0.00000
     -13.86674       0.00000
     -13.85674       0.00000
     -13.84774       0.00000
     -13.83774       0.00000
     -13.82774       0.00000
     -13.81774       0.00000
     -13.80874       0.00000
     -13.79874       0.00000
     -13.78874       0.00000
     -13.77974       0.00000
     -13.76974       0.00000
     -13.75974       0.00000
     -13.74974       0.00000
     -13.74074       0.00000
     -13.73074       0.00000
     -13.72074       0.00000
     -13.71174       0.00000
     -13.70174       0.00000
     -13.69174       0.00000
     -13.68174       0.00000
     -13.67274       0.00000
     -13.66274       0.00000
     -13.65274       0.00000
     -13.64374       0.00000
     -13.63374       0.00000
     -13.62374       0.00000
     -13.61374       0.00000
     -13.60474       0.00000
     -13.59474       0.00000
     -13.58474       0.00000
     -13.57574       0.00000
     -13.56574       0.00000
     -13.55574       0.00000
     -13.54574       0.00000
     -13.53674       0.00000
     -13.52674       0.00000
     -13.51674       0.00000
     -13.50774       0.00000
     -13.49774       0.00000
     -13.48774       0.00000
     -13.47874       0.00000
     -13.46874       0.00000
     -13.45874       0.00000
     -13.44874       0.00000
     -13.43974       0.00000
     -13.42974       0.00000
     -13.41974       0.00000
     -13.41074       0.00000
     -13.40074       0.00000
     -13.39074       0.00000
     -13.38074       0.00000
     -13.37174       0.00000
     -13.36174       0.00000
     -13.35174       0.00000
     -13.34274       0.00000
     -13.33274       0.00000
     -13.32274       0.00000
     -13.31274       0.00000
     -13.30374       0.00000
     -13.29374       0.00000
     -13.28374       0.00000
     -13.27474       0.00000
     -13.26474       0.00000
     -13.25474       0.00000
     -13.24474       0.00000
     -13.23574       0.00000
     -13.22574       0.00000
     -13.21574       0.00000
     -13.20674       0.00000
     -13.19674       0.00000
     -13.18674       0.00000
     -13.17674       0.00000
     -13.16774       0.00000
     -13.15774       0.00000
     -13.14774       0.00000
     -13.13874       0.00000
     -13.12874       0.00000
     -13.11874       0.00000
     -13.10874       0.00000
     -13.09974       0.00000
     -13.08974       0.00000
     -13.07974       0.00000
     -13.07074       0.00000
     -13.06074       0.00000
     -13.05074       0.00000
     -13.04074       0.00000
     -13.03174       0.00000
     -13.02174       0.00000
     -13.01174       0.00000
     -13.00274       0.00000
     -12.99274       0.00000
     -12.98274       0.00000
     -12.97274       0.00000
     -12.96374       0.00000
     -12.95374       0.00000
     -12.94374       0.00000
     -12.93474       0.00000
     -12.92474       0.00000
     -12.91474       0.00000
     -12.90474       0.00000
     -12.89574       0.00000
     -12.88574       0.00000
     -12.87574       0.00000
     -12.86674       0.00000
     -12.85674       0.00000
     -12.84674       0.00000
     -12.83674       0.00000
     -12.82774       0.00000
     -12.81774       0.00000
     -12.80774       0.00000
     -12.79874       0.00000
     -12.78874       0.00000
     -12.77874       0.00000
     -12.76874       0.00000
     -12.75974       0.00000
     -12.74974       0.00000
     -12.73974       0.00000
     -12.73074       0.00000
     -12.72074       0.00000
     -12.71074       0.00000
     -12.70074       0.00000
     -12.69174       0.00000
     -12.68174       0.00000
     -12.67174       0.00000
     -12.66274       0.00000
     -12.65274       0.00000
     -12.64274       0.00000
     -12.63274       0.00000
     -12.62374       0.00000
     -12.61374       0.00000
     -12.60374       0.00000
     -12.59474       0.00000
     -12.58474       0.00000
     -12.57474       0.00000
     -12.56474       0.00000
     -12.55574       0.00000
     -12.54574       0.00000
     -12.53574       0.00000
     -12.52674       0.00000
     -12.51674       0.00000
     -12.50674       0.00000
     -12.49674       0.00000
     -12.48774       0.00000
     -12.47774       0.00000
     -12.46774       0.00000
     -12.45874       0.00000
     -12.44874       0.00000
     -12.43874       0.00000
     -12.42874       0.00000
     -12.41974       0.00000
     -12.40974       0.00000
     -12.39974       0.00000
     -12.39074       0.00000
     -12.38074       0.00000
     -12.37074       0.00000
     -12.36074       0.00000
     -12.35174       0.00000
     -12.34174       0.00000
     -12.33174       0.00000
     -12.32274       0.00000
     -12.31274       0.00000
     -12.30274       0.00000
     -12.29274       0.00000
     -12.28374       0.00000
     -12.27374       0.00000
     -12.26374       0.00000
     -12.25474       0.00000
     -12.24474       0.00000
     -12.23474       0.00000
     -12.22474       0.00000
     -12.21574       0.00000
     -12.20574       0.00000
     -12.19574       0.00000
     -12.18674       0.00000
     -12.17674       0.00000
     -12.16674       0.00000
     -12.15674       0.00000
     -12.14774       0.00000
     -12.13774       0.00000
     -12.12774       0.00000
     -12.11874       0.00000
     -12.10874       0.00000
     -12.09874       0.00000
     -12.08874       0.00000
     -12.07974       0.00000
     -12.06974       0.00000
     -12.05974       0.00000
     -12.05074       0.00000
     -12.04074       0.00000
     -12.03074       0.00000
     -12.02074       0.00000
     -12.01174       0.00000
     -12.00174       0.00000
     -11.99174       0.00000
     -11.98274       0.00000
     -11.97274       0.00000
     -11.96274       0.00000
     -11.95274       0.00000
     -11.94374       0.00000
     -11.93374       0.00000
     -11.92374       0.00000
     -11.91474       0.00000
     -11.90474       0.00000
     -11.89474       0.00000
     -11.88474       0.00000
     -11.87574       0.00000
     -11.86574       0.00000
     -11.85574       0.00000
     -11.84674       0.00000
     -11.83674       0.00000
     -11.82674       0.00000
     -11.81674       0.00000
     -11.80774       0.00000
     -11.79774       0.00000
     -11.78774       0.00000
     -11.77874       0.00000
     -11.76874       0.00000
     -11.75874       0.00000
     -11.74874       0.00000
     -11.73974       0.00000
     -11.72974       0.00000
     -11.71974       0.00000
     -11.71074       0.00000
     -11.70074       0.00000
     -11.69074       0.00000
     -11.68074       0.00000
     -11.67174       0.00000
     -11.66174       0.00000
     -11.65174       0.00000
     -11.64274       0.00000
     -11.63274       0.00000
     -11.62274       0.00000
     -11.61274       0.00000
     -11.60374       0.00000
     -11.59374       0.00000
     -11.58374       0.00000
     -11.57474       0.00000
     -11.56474       0.00000
     -11.55474       0.00000
     -11.54474       0.00000
     -11.53574       0.00000
     -11.52574       0.00000
     -11.51574       0.00000
     -11.50674       0.00000
     -11.49674       0.00000
     -11.48674       0.00000
     -11.47674       0.00000
     -11.46774       0.00000
     -11.45774       0.00000
     -11.44774       0.00000
     -11.43874       0.00000
     -11.42874       0.00000
     -11.41874       0.00000
     -11.40874       0.00000
     -11.39974       0.00000
     -11.38974       0.00000
     -11.37974       0.00000
     -11.37074       0.00000
     -11.36074       0.00000
     -11.35074       0.00000
     -11.34074       0.00000
     -11.33174       0.00000
     -11.32174       0.00000
     -11.31174       0.00000
     -11.30274       0.00000
     -11.29274       0.00000
     -11.28274       0.00000
     -11.27274       0.00000
     -11.26374       0.00000
     -11.25374       0.00000
     -11.24374       0.00000
     -11.23474       0.00000
     -11.22474       0.00000
     -11.21474       0.00000
     -11.20474       0.00000
     -11.19574       0.00000
     -11.18574       0.00000
     -11.17574       0.00000
     -11.16674       0.00000
     -11.15674       0.00000
     -11.14674       0.00000
     -11.13674       0.00000
     -11.12774       0.00000
     -11.11774       0.00000
     -11.10774       0.00000
     -11.09874       0.00000
     -11.08874       0.00000
     -11.07874       0.00000
     -11.06874       0.00000
     -11.05974       0.00000
     -11.04974       0.00000
     -11.03974       0.00000
     -11.03074       0.00000
     -11.02074       0.00000
     -11.01074       0.00000
     -11.00074       0.00000
     -10.99174       0.00000
     -10.98174       0.00000
     -10.97174       0.00000
     -10.96274       0.00000
     -10.95274       0.00000
     -10.94274       0.00000
     -10.93274       0.00000
     -10.92374       0.00000
     -10.91374       0.00000
     -10.90374       0.00000
     -10.89474       0.00000
     -10.88474       0.00000
     -10.87474       0.00000
     -10.86474       0.00000
     -10.85574       0.00000
     -10.84574       0.00000
     -10.83574       0.00000
     -10.82674       0.00000
     -10.81674       0.00000
     -10.80674       0.00000
     -10.79674       0.00000
     -10.78774       0.00000
     -10.77774       0.00000
     -10.76774       0.00000
     -10.75874       0.00000
     -10.74874       0.00000
     -10.73874       0.00000
     -10.72874       0.00000
     -10.71974       0.00000
     -10.70974       0.00000
     -10.69974       0.00000
     -10.69074       0.00000
     -10.68074       0.00000
     -10.67074       0.00000
     -10.66074       0.00000
     -10.65174       0.00000
     -10.64174       0.00000
     -10.63174       0.00000
     -10.62274       0.00000
     -10.61274       0.00000
     -10.60274       0.00000
     -10.59274       0.00000
     -10.58374       0.00000
     -10.57374       0.00000
     -10.56374       0.00000
     -10.55474       0.00000
     -10.54474       0.00000
     -10.53474       0.00000
     -10.52474       0.00000
     -10.51574       0.00000
     -10.50574       0.00000
     -10.49574       0.00000
     -10.48674       0.00000
     -10.47674       0.00000
     -10.46674       0.00000
     -10.45674       0.00000
     -10.44774       0.00000
     -10.43774       0.00000
     -10.42774       0.00000
     -10.41874       0.00000
     -10.40874       0.00000
     -10.39874       0.00000
     -10.38874       0.00000
     -10.37974       0.00000
     -10.36974       0.00000
     -10.35974       0.00000
     -10.35074       0.00000
     -10.34074       0.00000
     -10.33074       0.00000
     -10.32074       0.00000
     -10.31174       0.00000
     -10.30174       0.00000
     -10.29174       0.00000
     -10.28274       0.00000
     -10.27274       0.00000
     -10.26274       0.00000
     -10.25274       0.00000
     -10.24374       0.00000
     -10.23374       0.00000
     -10.22374       0.00000
     -10.21474       0.00000
     -10.20474       0.00000
     -10.19474       0.00000
     -10.18574       0.00000
     -10.17574       0.00000
     -10.16574       0.00000
     -10.15574       0.00000
     -10.14674       0.00000
     -10.13674       0.00000
     -10.12674       0.00000
     -10.11774       0.00000
     -10.10774       0.00000
     -10.09774       0.00000
     -10.08774       0.00000
     -10.07874       0.00000
     -10.06874       0.00000
     -10.05874       0.00000
     -10.04974       0.00000
     -10.03974       0.00000
     -10.02974       0.00000
     -10.01974       0.00000
     -10.01074       0.00000
     -10.00074       0.00000
      -9.99074       0.00000
      -9.98174       0.00000
      -9.97174       0.00000
      -9.96174       0.00000
      -9.95174       0.00000
      -9.94274       0.00000
      -9.93274       0.00000
      -9.92274       0.00000
      -9.91374       0.00000
      -9.90374       0.00000
      -9.89374       0.00000
      -9.88374       0.00000
      -9.87474       0.00000
      -9.86474       0.00000
      -9.85474       0.00000
      -9.84574       0.00000
      -9.83574       0.00000
      -9.82574       0.00000
      -9.81574       0.00000
      -9.80674       0.00000
      -9.79674       0.00000
      -9.78674       0.00000
      -9.77774       0.00000
      -9.76774       0.00000
      -9.75774       0.00000
      -9.74774       0.00000
      -9.73874       0.00000
      -9.72874       0.00000
      -9.71874       0.00000
      -9.70974       0.00000
      -9.69974       0.00000
      -9.68974       0.00000
      -9.67974       0.00000
      -9.67074       0.00000
      -9.66074       0.00000
      -9.65074       0.00000
      -9.64174       0.00000
      -9.63174       0.00000
      -9.62174       0.00000
      -9.61174       0.00000
      -9.60274       0.00000
      -9.59274       0.00000
      -9.58274       0.00000
      -9.57374       0.00000
      -9.56374       0.00000
      -9.55374       0.00000
      -9.54374       0.00000
      -9.53474       0.00000
      -9.52474       0.00000
      -9.51474       0.00000
      -9.50574       0.00000
      -9.49574       0.00000
      -9.48574       0.00000
      -9.47574       0.00000
      -9.46674       0.00000
      -9.45674       0.00000
      -9.44674       0.00000
      -9.43774       0.00000
      -9.42774       0.00000
      -9.41774       0.00000
      -9.40774       0.00000
      -9.39874       0.00000
      -9.38874       0.00000
      -9.37874       0.00000
      -9.36974       0.00000
      -9.35974       0.00000
      -9.34974       0.00000
      -9.33974       0.00000
      -9.33074       0.00000
      -9.32074       0.00000
      -9.31074       0.00000
      -9.30174       0.00000
      -9.29174       0.00000
      -9.28174       0.00000
      -9.27174       0.00000
      -9.26274       0.00000
      -9.25274       0.00000
      -9.24274       0.00000
      -9.23374       0.00000
      -9.22374       0.00000
      -9.21374       0.00000
      -9.20374       0.00000
      -9.19474       0.00000
      -9.18474       0.00000
      -9.17474       0.00000
      -9.16574       0.00000
      -9.15574       0.00000
      -9.14574       0.00000
      -9.13574       0.00000
      -9.12674       0.00000
      -9.11674       0.00000
      -9.10674       0.00000
      -9.09774       0.00000
      -9.08774       0.00000
      -9.07774       0.00000
      -9.06774       0.00000
      -9.05874       0.00000
      -9.04874       0.00000
      -9.03874       0.00000
      -9.02974       0.00000
      -9.01974       0.00000
      -9.00974       0.00000
      -8.99974       0.00000
      -8.99074       0.00000
      -8.98074       0.00000
      -8.97074       0.00000
      -8.96174       0.00000
      -8.95174       0.00000
      -8.94174       0.00000
      -8.93174       0.00000
      -8.92274       0.00000
      -8.91274       0.00000
      -8.90274       0.00000
      -8.89374       0.00000
      -8.88374       0.00000
      -8.87374       0.00000
      -8.86374       0.00000
      -8.85474       0.00000
      -8.84474       0.00000
      -8.83474       0.00000
      -8.82574       0.00000
      -8.81574       0.00000
      -8.80574       0.00000
      -8.79574       0.00000
      -8.78674       0.00000
      -8.77674       0.00000
      -8.76674       0.00000
      -8.75774       0.00000
      -8.74774       0.00000
      -8.73774       0.00000
      -8.72774       0.00000
      -8.71874       0.00000
      -8.70874       0.00000
      -8.69874       0.00000
      -8.68974       0.00000
      -8.67974       0.00000
      -8.66974       0.00000
      -8.65974       0.00000
      -8.65074       0.00000
      -8.64074       0.00000
      -8.63074       0.00000
      -8.62174       0.00000
      -8.61174       0.00000
      -8.60174       0.00000
      -8.59174       0.00000
      -8.58274       0.00000
      -8.57274       0.00000
      -8.56274       0.00000
      -8.55374       0.00000
      -8.54374       0.00000
      -8.53374       0.00000
      -8.52374       0.00000
      -8.51474       0.00000
      -8.50474       0.00000
      -8.49474       0.00000
      -8.48574       0.00000
      -8.47574       0.00000
      -8.46574       0.00000
      -8.45574       0.00000
      -8.44674       0.00000
      -8.43674       0.00000
      -8.42674       0.00000
      -8.41774       0.00000
      -8.40774       0.00000
      -8.39774       0.00000
      -8.38774       0.00000
      -8.37874       0.00000
      -8.36874       0.00000
      -8.35874       0.00000
      -8.34974       0.00000
      -8.33974       0.00000
      -8.32974       0.00000
      -8.31974       0.00000
      -8.31074       0.00000
      -8.30074       0.00000
      -8.29074       0.00000
      -8.28174       0.00000
      -8.27174       0.00000
      -8.26174       0.00000
      -8.25174       0.00000
      -8.24274       0.00000
      -8.23274       0.00000
      -8.22274       0.00000
      -8.21374       0.00000
      -8.20374       0.00000
      -8.19374       0.00000
      -8.18374       0.00000
      -8.17474       0.00000
      -8.16474       0.00000
      -8.15474       0.00000
      -8.14574       0.00000
      -8.13574       0.00000
      -8.12574       0.00000
      -8.11574       0.00000
      -8.10674       0.00000
      -8.09674       0.00000
      -8.08674       0.00000
      -8.07774       0.00000
      -8.06774       0.00000
      -8.05774       0.00000
      -8.04774       0.00000
      -8.03874       0.00000
      -8.02874       0.00000
      -8.01874       0.00000
      -8.00974       0.00000
      -7.99974       0.00000
      -7.98974       0.00000
      -7.97974       0.00000
      -7.97074       0.00000
      -7.96074       0.00000
      -7.95074       0.00000
      -7.94174       0.00000
      -7.93174       0.00000
      -7.92174       0.00000
      -7.91174       0.00000
      -7.90274       0.00000
      -7.89274       0.00000
      -7.88274       0.00000
      -7.87374       0.00000
      -7.86374       0.00000
      -7.85374       0.00000
      -7.84374       0.00000
      -7.83474       0.00000
      -7.82474       0.00000
      -7.81474       0.00000
      -7.80574       0.00000
      -7.79574       0.00000
      -7.78574       0.00000
      -7.77574       0.00000
      -7.76674       0.00000
      -7.75674       0.00000
      -7.74674       0.00000
      -7.73774       0.00000
      -7.72774       0.00000
      -7.71774       0.00000
      -7.70774       0.00000
      -7.69874       0.00000
      -7.68874       0.00000
      -7.67874       0.00000
      -7.66974       0.00000
      -7.65974       0.00000
      -7.64974       0.00000
      -7.63974       0.00000
      -7.63074       0.00000
      -7.62074       0.00000
      -7.61074       0.00000
      -7.60174       0.00000
      -7.59174       0.00000
      -7.58174       0.00000
      -7.57174       0.00000
      -7.56274       0.00000
      -7.55274       0.00000
      -7.54274       0.00000
      -7.53374       0.00000
      -7.52374       0.00000
      -7.51374       0.00000
      -7.50374       0.00000
      -7.49474       0.00000
      -7.48474       0.00000
      -7.47474       0.00000
      -7.46574       0.00000
      -7.45574       0.00000
      -7.44574       0.00000
      -7.43574       0.00000
      -7.42674       0.00000
      -7.41674       0.00000
      -7.40674       0.00000
      -7.39774       0.00000
      -7.38774       0.00000
      -7.37774       0.00000
      -7.36774       0.00000
      -7.35874       0.00000
      -7.34874       0.00000
      -7.33874       0.00000
      -7.32974       0.00000
      -7.31974       0.00000
      -7.30974       0.00000
      -7.29974       0.00000
      -7.29074       0.00000
      -7.28074       0.00000
      -7.27074       0.00000
      -7.26174       0.00000
      -7.25174       0.00000
      -7.24174       0.00000
      -7.23174       0.00000
      -7.22274       0.00000
      -7.21274       0.00000
      -7.20274       0.00000
      -7.19374       0.00000
      -7.18374       0.00000
      -7.17374       0.00000
      -7.16374       0.00000
      -7.15474       0.00000
      -7.14474       0.00000
      -7.13474       0.00000
      -7.12574       0.00000
      -7.11574       0.00000
      -7.10574       0.00000
      -7.09574       0.00000
      -7.08674       0.00000
      -7.07674       0.00000
      -7.06674       0.00000
      -7.05774       0.00000
      -7.04774       0.00000
      -7.03774       0.00000
      -7.02774       0.00000
      -7.01874       0.00000
      -7.00874       0.00000
      -6.99874       0.00000
      -6.98974       0.00000
      -6.97974       0.00000
      -6.96974       0.00000
      -6.95974       0.00000
      -6.95074       0.00000
      -6.94074       0.00001
      -6.93074       0.00001
      -6.92174       0.00002
      -6.91174       0.00003
      -6.90174       0.00005
      -6.89274       0.00008
      -6.88274       0.00012
      -6.87274       0.00019
      -6.86274       0.00028
      -6.85374       0.00041
      -6.84374       0.00060
      -6.83374       0.00085
      -6.82474       0.00119
      -6.81474       0.00163
      -6.80474       0.00220
      -6.79474       0.00290
      -6.78574       0.00376
      -6.77574       0.00478
      -6.76574       0.00597
      -6.75674       0.00731
      -6.74674       0.00878
      -6.73674       0.01036
      -6.72674       0.01199
      -6.71774       0.01361
      -6.70774       0.01517
      -6.69774       0.01659
      -6.68874       0.01781
      -6.67874       0.01876
      -6.66874       0.01939
      -6.65874       0.01967
      -6.64974       0.01959
      -6.63974       0.01914
      -6.62974       0.01835
      -6.62074       0.01726
      -6.61074       0.01595
      -6.60074       0.01447
      -6.59074       0.01290
      -6.58174       0.01130
      -6.57174       0.00976
      -6.56174       0.00834
      -6.55274       0.00711
      -6.54274       0.00612
      -6.53274       0.00544
      -6.52274       0.00514
      -6.51374       0.00530
      -6.50374       0.00602
      -6.49374       0.00744
      -6.48474       0.00970
      -6.47474       0.01301
      -6.46474       0.01759
      -6.45474       0.02366
      -6.44574       0.03148
      -6.43574       0.04128
      -6.42574       0.05325
      -6.41674       0.06753
      -6.40674       0.08414
      -6.39674       0.10300
      -6.38674       0.12377
      -6.37774       0.14608
      -6.36774       0.16940
      -6.35774       0.19284
      -6.34874       0.21565
      -6.33874       0.23684
      -6.32874       0.25539
      -6.31874       0.27047
      -6.30974       0.28127
      -6.29974       0.28728
      -6.28974       0.28820
      -6.28074       0.28393
      -6.27074       0.27466
      -6.26074       0.26091
      -6.25074       0.24349
      -6.24174       0.22312
      -6.23174       0.20071
      -6.22174       0.17738
      -6.21274       0.15395
      -6.20274       0.13124
      -6.19274       0.10985
      -6.18274       0.09030
      -6.17374       0.07291
      -6.16374       0.05782
      -6.15374       0.04507
      -6.14474       0.03453
      -6.13474       0.02604
      -6.12474       0.01934
      -6.11474       0.01422
      -6.10574       0.01041
      -6.09574       0.00767
      -6.08574       0.00580
      -6.07674       0.00463
      -6.06674       0.00404
      -6.05674       0.00393
      -6.04674       0.00425
      -6.03774       0.00500
      -6.02774       0.00618
      -6.01774       0.00788
      -6.00874       0.01018
      -5.99874       0.01321
      -5.98874       0.01716
      -5.97874       0.02221
      -5.96974       0.02858
      -5.95974       0.03652
      -5.94974       0.04626
      -5.94074       0.05804
      -5.93074       0.07205
      -5.92074       0.08846
      -5.91074       0.10731
      -5.90174       0.12862
      -5.89174       0.15223
      -5.88174       0.17790
      -5.87274       0.20529
      -5.86274       0.23367
      -5.85274       0.26264
      -5.84274       0.29136
      -5.83374       0.31895
      -5.82374       0.34446
      -5.81374       0.36724
      -5.80474       0.38619
      -5.79474       0.40071
      -5.78474       0.41029
      -5.77474       0.41424
      -5.76574       0.41291
      -5.75574       0.40580
      -5.74574       0.39374
      -5.73674       0.37701
      -5.72674       0.35661
      -5.71674       0.33353
      -5.70674       0.30875
      -5.69774       0.28355
      -5.68774       0.25913
      -5.67774       0.23640
      -5.66874       0.21649
      -5.65874       0.20018
      -5.64874       0.18809
      -5.63874       0.18067
      -5.62974       0.17816
      -5.61974       0.18069
      -5.60974       0.18815
      -5.60074       0.20043
      -5.59074       0.21706
      -5.58074       0.23793
      -5.57074       0.26246
      -5.56174       0.29029
      -5.55174       0.32072
      -5.54174       0.35332
      -5.53274       0.38740
      -5.52274       0.42228
      -5.51274       0.45723
      -5.50274       0.49127
      -5.49374       0.52355
      -5.48374       0.55337
      -5.47374       0.57968
      -5.46474       0.60199
      -5.45474       0.61936
      -5.44474       0.63172
      -5.43474       0.63837
      -5.42574       0.63965
      -5.41574       0.63579
      -5.40574       0.62697
      -5.39674       0.61399
      -5.38674       0.59758
      -5.37674       0.57859
      -5.36674       0.55793
      -5.35774       0.53643
      -5.34774       0.51500
      -5.33774       0.49418
      -5.32874       0.47453
      -5.31874       0.45675
      -5.30874       0.44081
      -5.29874       0.42707
      -5.28974       0.41563
      -5.27974       0.40632
      -5.26974       0.39915
      -5.26074       0.39408
      -5.25074       0.39074
      -5.24074       0.38892
      -5.23074       0.38863
      -5.22174       0.38931
      -5.21174       0.39090
      -5.20174       0.39318
      -5.19274       0.39594
      -5.18274       0.39885
      -5.17274       0.40183
      -5.16274       0.40468
      -5.15374       0.40750
      -5.14374       0.40985
      -5.13374       0.41207
      -5.12474       0.41395
      -5.11474       0.41558
      -5.10474       0.41690
      -5.09474       0.41821
      -5.08574       0.41929
      -5.07574       0.42034
      -5.06574       0.42148
      -5.05674       0.42274
      -5.04674       0.42407
      -5.03674       0.42564
      -5.02674       0.42747
      -5.01774       0.42933
      -5.00774       0.43170
      -4.99774       0.43436
      -4.98874       0.43732
      -4.97874       0.44048
      -4.96874       0.44415
      -4.95874       0.44797
      -4.94974       0.45227
      -4.93974       0.45654
      -4.92974       0.46106
      -4.92074       0.46570
      -4.91074       0.47054
      -4.90074       0.47509
      -4.89074       0.47951
      -4.88174       0.48384
      -4.87174       0.48773
      -4.86174       0.49120
      -4.85274       0.49447
      -4.84274       0.49725
      -4.83274       0.49983
      -4.82274       0.50217
      -4.81374       0.50467
      -4.80374       0.50737
      -4.79374       0.51071
      -4.78474       0.51499
      -4.77474       0.52072
      -4.76474       0.52809
      -4.75474       0.53765
      -4.74574       0.54958
      -4.73574       0.56430
      -4.72574       0.58195
      -4.71674       0.60267
      -4.70674       0.62639
      -4.69674       0.65292
      -4.68674       0.68230
      -4.67774       0.71380
      -4.66774       0.74714
      -4.65774       0.78181
      -4.64874       0.81677
      -4.63874       0.85140
      -4.62874       0.88483
      -4.61874       0.91622
      -4.60974       0.94451
      -4.59974       0.96900
      -4.58974       0.98890
      -4.58074       1.00363
      -4.57074       1.01284
      -4.56074       1.01647
      -4.55074       1.01472
      -4.54174       1.00799
      -4.53174       0.99722
      -4.52174       0.98316
      -4.51274       0.96712
      -4.50274       0.95030
      -4.49274       0.93406
      -4.48274       0.91946
      -4.47374       0.90780
      -4.46374       0.89983
      -4.45374       0.89635
      -4.44474       0.89769
      -4.43474       0.90428
      -4.42474       0.91569
      -4.41474       0.93191
      -4.40574       0.95213
      -4.39574       0.97572
      -4.38574       1.00179
      -4.37674       1.02933
      -4.36674       1.05706
      -4.35674       1.08436
      -4.34674       1.10991
      -4.33774       1.13280
      -4.32774       1.15242
      -4.31774       1.16813
      -4.30874       1.17945
      -4.29874       1.18634
      -4.28874       1.18865
      -4.27874       1.18654
      -4.26974       1.18004
      -4.25974       1.16980
      -4.24974       1.15584
      -4.24074       1.13874
      -4.23074       1.11891
      -4.22074       1.09641
      -4.21074       1.07161
      -4.20174       1.04494
      -4.19174       1.01640
      -4.18174       0.98646
      -4.17274       0.95511
      -4.16274       0.92274
      -4.15274       0.88954
      -4.14274       0.85570
      -4.13374       0.82174
      -4.12374       0.78778
      -4.11374       0.75414
      -4.10474       0.72122
      -4.09474       0.68937
      -4.08474       0.65881
      -4.07474       0.62996
      -4.06574       0.60295
      -4.05574       0.57811
      -4.04574       0.55562
      -4.03674       0.53584
      -4.02674       0.51863
      -4.01674       0.50425
      -4.00674       0.49267
      -3.99774       0.48377
      -3.98774       0.47748
      -3.97774       0.47357
      -3.96874       0.47174
      -3.95874       0.47171
      -3.94874       0.47298
      -3.93874       0.47536
      -3.92974       0.47827
      -3.91974       0.48148
      -3.90974       0.48482
      -3.90074       0.48788
      -3.89074       0.49068
      -3.88074       0.49316
      -3.87074       0.49528
      -3.86174       0.49720
      -3.85174       0.49922
      -3.84174       0.50140
      -3.83274       0.50406
      -3.82274       0.50714
      -3.81274       0.51101
      -3.80274       0.51528
      -3.79374       0.52020
      -3.78374       0.52534
      -3.77374       0.53069
      -3.76474       0.53550
      -3.75474       0.53953
      -3.74474       0.54211
      -3.73474       0.54309
      -3.72574       0.54190
      -3.71574       0.53823
      -3.70574       0.53211
      -3.69674       0.52336
      -3.68674       0.51208
      -3.67674       0.49851
      -3.66774       0.48329
      -3.65774       0.46671
      -3.64774       0.44944
      -3.63774       0.43199
      -3.62874       0.41506
      -3.61874       0.39926
      -3.60874       0.38505
      -3.59974       0.37272
      -3.58974       0.36270
      -3.57974       0.35515
      -3.56974       0.35011
      -3.56074       0.34759
      -3.55074       0.34731
      -3.54074       0.34908
      -3.53174       0.35258
      -3.52174       0.35738
      -3.51174       0.36304
      -3.50174       0.36902
      -3.49274       0.37497
      -3.48274       0.38035
      -3.47274       0.38492
      -3.46374       0.38845
      -3.45374       0.39060
      -3.44374       0.39127
      -3.43374       0.39065
      -3.42474       0.38876
      -3.41474       0.38600
      -3.40474       0.38223
      -3.39574       0.37818
      -3.38574       0.37415
      -3.37574       0.37048
      -3.36574       0.36754
      -3.35674       0.36537
      -3.34674       0.36457
      -3.33674       0.36507
      -3.32774       0.36708
      -3.31774       0.37025
      -3.30774       0.37484
      -3.29774       0.38054
      -3.28874       0.38703
      -3.27874       0.39426
      -3.26874       0.40174
      -3.25974       0.40926
      -3.24974       0.41667
      -3.23974       0.42340
      -3.22974       0.42954
      -3.22074       0.43466
      -3.21074       0.43893
      -3.20074       0.44204
      -3.19174       0.44406
      -3.18174       0.44508
      -3.17174       0.44521
      -3.16174       0.44465
      -3.15274       0.44321
      -3.14274       0.44162
      -3.13274       0.43969
      -3.12374       0.43765
      -3.11374       0.43611
      -3.10374       0.43473
      -3.09374       0.43409
      -3.08474       0.43390
      -3.07474       0.43444
      -3.06474       0.43557
      -3.05574       0.43745
      -3.04574       0.43998
      -3.03574       0.44307
      -3.02574       0.44639
      -3.01674       0.44995
      -3.00674       0.45341
      -2.99674       0.45697
      -2.98774       0.45993
      -2.97774       0.46244
      -2.96774       0.46427
      -2.95774       0.46536
      -2.94874       0.46569
      -2.93874       0.46504
      -2.92874       0.46358
      -2.91974       0.46146
      -2.90974       0.45849
      -2.89974       0.45501
      -2.88974       0.45104
      -2.88074       0.44683
      -2.87074       0.44233
      -2.86074       0.43799
      -2.85174       0.43364
      -2.84174       0.42959
      -2.83174       0.42578
      -2.82174       0.42252
      -2.81274       0.41975
      -2.80274       0.41729
      -2.79274       0.41541
      -2.78374       0.41386
      -2.77374       0.41261
      -2.76374       0.41141
      -2.75374       0.41053
      -2.74474       0.40941
      -2.73474       0.40820
      -2.72474       0.40678
      -2.71574       0.40502
      -2.70574       0.40267
      -2.69574       0.39986
      -2.68574       0.39664
      -2.67674       0.39295
      -2.66674       0.38891
      -2.65674       0.38441
      -2.64774       0.37969
      -2.63774       0.37485
      -2.62774       0.37011
      -2.61774       0.36526
      -2.60874       0.36051
      -2.59874       0.35594
      -2.58874       0.35143
      -2.57974       0.34714
      -2.56974       0.34304
      -2.55974       0.33881
      -2.54974       0.33472
      -2.54074       0.33067
      -2.53074       0.32662
      -2.52074       0.32260
      -2.51174       0.31847
      -2.50174       0.31449
      -2.49174       0.31046
      -2.48174       0.30659
      -2.47274       0.30281
      -2.46274       0.29922
      -2.45274       0.29570
      -2.44374       0.29231
      -2.43374       0.28901
      -2.42374       0.28569
      -2.41374       0.28232
      -2.40474       0.27864
      -2.39474       0.27482
      -2.38474       0.27050
      -2.37574       0.26577
      -2.36574       0.26057
      -2.35574       0.25484
      -2.34574       0.24867
      -2.33674       0.24204
      -2.32674       0.23510
      -2.31674       0.22783
      -2.30774       0.22057
      -2.29774       0.21318
      -2.28774       0.20610
      -2.27774       0.19920
      -2.26874       0.19267
      -2.25874       0.18659
      -2.24874       0.18107
      -2.23974       0.17598
      -2.22974       0.17139
      -2.21974       0.16731
      -2.20974       0.16360
      -2.20074       0.16033
      -2.19074       0.15735
      -2.18074       0.15453
      -2.17174       0.15183
      -2.16174       0.14930
      -2.15174       0.14678
      -2.14174       0.14430
      -2.13274       0.14177
      -2.12274       0.13914
      -2.11274       0.13644
      -2.10374       0.13363
      -2.09374       0.13072
      -2.08374       0.12768
      -2.07374       0.12454
      -2.06474       0.12129
      -2.05474       0.11792
      -2.04474       0.11447
      -2.03574       0.11093
      -2.02574       0.10732
      -2.01574       0.10367
      -2.00574       0.09997
      -1.99674       0.09627
      -1.98674       0.09258
      -1.97674       0.08891
      -1.96774       0.08532
      -1.95774       0.08180
      -1.94774       0.07839
      -1.93774       0.07511
      -1.92874       0.07194
      -1.91874       0.06893
      -1.90874       0.06609
      -1.89974       0.06344
      -1.88974       0.06100
      -1.87974       0.05880
      -1.86974       0.05685
      -1.86074       0.05525
      -1.85074       0.05401
      -1.84074       0.05320
      -1.83174       0.05291
      -1.82174       0.05321
      -1.81174       0.05416
      -1.80174       0.05585
      -1.79274       0.05835
      -1.78274       0.06170
      -1.77274       0.06594
      -1.76374       0.07107
      -1.75374       0.07708
      -1.74374       0.08389
      -1.73374       0.09143
      -1.72474       0.09955
      -1.71474       0.10807
      -1.70474       0.11679
      -1.69574       0.12548
      -1.68574       0.13389
      -1.67574       0.14178
      -1.66574       0.14888
      -1.65674       0.15498
      -1.64674       0.15992
      -1.63674       0.16353
      -1.62774       0.16574
      -1.61774       0.16655
      -1.60774       0.16597
      -1.59774       0.16414
      -1.58874       0.16120
      -1.57874       0.15734
      -1.56874       0.15284
      -1.55974       0.14792
      -1.54974       0.14284
      -1.53974       0.13781
      -1.52974       0.13306
      -1.52074       0.12878
      -1.51074       0.12510
      -1.50074       0.12208
      -1.49174       0.11981
      -1.48174       0.11828
      -1.47174       0.11749
      -1.46174       0.11739
      -1.45274       0.11791
      -1.44274       0.11897
      -1.43274       0.12050
      -1.42374       0.12239
      -1.41374       0.12457
      -1.40374       0.12694
      -1.39374       0.12939
      -1.38474       0.13189
      -1.37474       0.13429
      -1.36474       0.13655
      -1.35574       0.13857
      -1.34574       0.14033
      -1.33574       0.14175
      -1.32574       0.14284
      -1.31674       0.14349
      -1.30674       0.14379
      -1.29674       0.14371
      -1.28774       0.14323
      -1.27774       0.14245
      -1.26774       0.14132
      -1.25774       0.13993
      -1.24874       0.13827
      -1.23874       0.13638
      -1.22874       0.13429
      -1.21974       0.13198
      -1.20974       0.12950
      -1.19974       0.12682
      -1.18974       0.12396
      -1.18074       0.12092
      -1.17074       0.11772
      -1.16074       0.11437
      -1.15174       0.11085
      -1.14174       0.10725
      -1.13174       0.10354
      -1.12174       0.09977
      -1.11274       0.09596
      -1.10274       0.09214
      -1.09274       0.08832
      -1.08374       0.08452
      -1.07374       0.08076
      -1.06374       0.07704
      -1.05374       0.07339
      -1.04474       0.06979
      -1.03474       0.06625
      -1.02474       0.06276
      -1.01574       0.05933
      -1.00574       0.05595
      -0.99574       0.05263
      -0.98574       0.04936
      -0.97674       0.04617
      -0.96674       0.04304
      -0.95674       0.03999
      -0.94774       0.03704
      -0.93774       0.03419
      -0.92774       0.03144
      -0.91774       0.02882
      -0.90874       0.02632
      -0.89874       0.02396
      -0.88874       0.02175
      -0.87974       0.01969
      -0.86974       0.01778
      -0.85974       0.01602
      -0.84974       0.01440
      -0.84074       0.01293
      -0.83074       0.01160
      -0.82074       0.01041
      -0.81174       0.00934
      -0.80174       0.00838
      -0.79174       0.00755
      -0.78174       0.00681
      -0.77274       0.00617
      -0.76274       0.00563
      -0.75274       0.00517
      -0.74374       0.00478
      -0.73374       0.00447
      -0.72374       0.00421
      -0.71374       0.00401
      -0.70474       0.00385
      -0.69474       0.00373
      -0.68474       0.00364
      -0.67574       0.00358
      -0.66574       0.00354
      -0.65574       0.00351
      -0.64574       0.00349
      -0.63674       0.00350
      -0.62674       0.00352
      -0.61674       0.00357
      -0.60774       0.00366
      -0.59774       0.00380
      -0.58774       0.00403
      -0.57774       0.00438
      -0.56874       0.00490
      -0.55874       0.00565
      -0.54874       0.00670
      -0.53974       0.00817
      -0.52974       0.01016
      -0.51974       0.01282
      -0.50974       0.01630
      -0.50074       0.02079
      -0.49074       0.02644
      -0.48074       0.03345
      -0.47174       0.04194
      -0.46174       0.05206
      -0.45174       0.06382
      -0.44174       0.07720
      -0.43274       0.09209
      -0.42274       0.10823
      -0.41274       0.12528
      -0.40374       0.14276
      -0.39374       0.16012
      -0.38374       0.17660
      -0.37474       0.19178
      -0.36474       0.20478
      -0.35474       0.21514
      -0.34474       0.22247
      -0.33574       0.22641
      -0.32574       0.22702
      -0.31574       0.22441
      -0.30674       0.21898
      -0.29674       0.21133
      -0.28674       0.20229
      -0.27674       0.19274
      -0.26774       0.18361
      -0.25774       0.17597
      -0.24774       0.17060
      -0.23874       0.16817
      -0.22874       0.16917
      -0.21874       0.17383
      -0.20874       0.18210
      -0.19974       0.19365
      -0.18974       0.20789
      -0.17974       0.22400
      -0.17074       0.24105
      -0.16074       0.25802
      -0.15074       0.27387
      -0.14074       0.28770
      -0.13174       0.29862
      -0.12174       0.30622
      -0.11174       0.31012
      -0.10274       0.31015
      -0.09274       0.30660
      -0.08274       0.29973
      -0.07274       0.29003
      -0.06374       0.27805
      -0.05374       0.26438
      -0.04374       0.24950
      -0.03474       0.23386
      -0.02474       0.21785
      -0.01474       0.20171
      -0.00474       0.18563
       0.00426       0.16968
       0.01426       0.15401
       0.02426       0.13863
       0.03326       0.12367
       0.04326       0.10919
       0.05326       0.09532
       0.06326       0.08219
       0.07226       0.06993
       0.08226       0.05866
       0.09226       0.04847
       0.10126       0.03943
       0.11126       0.03157
       0.12126       0.02485
       0.13126       0.01923
       0.14026       0.01462
       0.15026       0.01093
       0.16026       0.00802
       0.16926       0.00578
       0.17926       0.00409
       0.18926       0.00284
       0.19926       0.00194
       0.20826       0.00130
       0.21826       0.00085
       0.22826       0.00055
       0.23726       0.00035
       0.24726       0.00022
       0.25726       0.00013
       0.26726       0.00008
       0.27626       0.00005
       0.28626       0.00003
       0.29626       0.00002
       0.30526       0.00001
       0.31526       0.00000
       0.32526       0.00000
       0.33526       0.00000
       0.34426       0.00000
       0.35426       0.00000
       0.36426       0.00000
       0.37326       0.00000
       0.38326       0.00000
       0.39326       0.00000
       0.40326       0.00000
       0.41226       0.00000
       0.42226       0.00000
       0.43226       0.00000
       0.44126       0.00000
       0.45126       0.00000
       0.46126       0.00000
       0.47126       0.00000
       0.48026       0.00000
       0.49026       0.00000
       0.50026       0.00000
       0.50926       0.00000
       0.51926       0.00000
       0.52926       0.00000
       0.53926       0.00000
       0.54826       0.00000
       0.55826       0.00000
       0.56826       0.00000
       0.57726       0.00000
       0.58726       0.00000
       0.59726       0.00000
       0.60726       0.00000
       0.61626       0.00000
       0.62626       0.00000
       0.63626       0.00000
       0.64526       0.00000
       0.65526       0.00001
       0.66526       0.00001
       0.67526       0.00002
       0.68426       0.00003
       0.69426       0.00006
       0.70426       0.00010
       0.71326       0.00018
       0.72326       0.00031
       0.73326       0.00051
       0.74326       0.00083
       0.75226       0.00133
       0.76226       0.00208
       0.77226       0.00321
       0.78126       0.00486
       0.79126       0.00721
       0.80126       0.01050
       0.81126       0.01501
       0.82026       0.02106
       0.83026       0.02900
       0.84026       0.03918
       0.84926       0.05196
       0.85926       0.06762
       0.86926       0.08636
       0.87926       0.10823
       0.88826       0.13312
       0.89826       0.16066
       0.90826       0.19036
       0.91726       0.22125
       0.92726       0.25242
       0.93726       0.28270
       0.94726       0.31062
       0.95626       0.33507
       0.96626       0.35473
       0.97626       0.36848
       0.98526       0.37586
       0.99526       0.37627
       1.00526       0.36981
       1.01526       0.35689
       1.02426       0.33815
       1.03426       0.31476
       1.04426       0.28785
       1.05326       0.25862
       1.06326       0.22854
       1.07326       0.19876
       1.08326       0.17030
       1.09226       0.14387
       1.10226       0.12011
       1.11226       0.09934
       1.12126       0.08170
       1.13126       0.06714
       1.14126       0.05549
       1.15126       0.04654
       1.16026       0.03999
       1.17026       0.03560
       1.18026       0.03314
       1.18926       0.03243
       1.19926       0.03336
       1.20926       0.03591
       1.21926       0.04008
       1.22826       0.04596
       1.23826       0.05367
       1.24826       0.06337
       1.25726       0.07524
       1.26726       0.08945
       1.27726       0.10619
       1.28726       0.12564
       1.29626       0.14792
       1.30626       0.17315
       1.31626       0.20145
       1.32526       0.23289
       1.33526       0.26750
       1.34526       0.30545
       1.35526       0.34663
       1.36426       0.39109
       1.37426       0.43898
       1.38426       0.49027
       1.39326       0.54514
       1.40326       0.60358
       1.41326       0.66562
       1.42326       0.73128
       1.43226       0.80097
       1.44226       0.87418
       1.45226       0.95142
       1.46126       1.03250
       1.47126       1.11761
       1.48126       1.20635
       1.49126       1.29893
       1.50026       1.39513
       1.51026       1.49446
       1.52026       1.59670
       1.52926       1.70106
       1.53926       1.80690
       1.54926       1.91294
       1.55926       2.01824
       1.56826       2.12171
       1.57826       2.22132
       1.58826       2.31566
       1.59726       2.40342
       1.60726       2.48330
       1.61726       2.55369
       1.62726       2.61389
       1.63626       2.66291
       1.64626       2.70105
       1.65626       2.72782
       1.66526       2.74374
       1.67526       2.74953
       1.68526       2.74629
       1.69526       2.73585
       1.70426       2.71733
       1.71426       2.69442
       1.72426       2.66735
       1.73326       2.63643
       1.74326       2.60295
       1.75326       2.56922
       1.76326       2.53475
       1.77226       2.50072
       1.78226       2.46664
       1.79226       2.43369
       1.80126       2.40237
       1.81126       2.37248
       1.82126       2.34399
       1.83126       2.31742
       1.84026       2.29174
       1.85026       2.26716
       1.86026       2.24256
       1.86926       2.21925
       1.87926       2.19573
       1.88926       2.17180
       1.89926       2.14705
       1.90826       2.12209
       1.91826       2.09661
       1.92826       2.06964
       1.93726       2.04136
       1.94726       2.01337
       1.95726       1.98470
       1.96726       1.95643
       1.97626       1.92896
       1.98626       1.90301
       1.99626       1.87928
       2.00526       1.85827
       2.01526       1.84087
       2.02526       1.82761
       2.03526       1.81912
       2.04426       1.81547
       2.05426       1.81682
       2.06426       1.82326
       2.07326       1.83442
       2.08326       1.84961
       2.09326       1.86853
       2.10326       1.88975
       2.11226       1.91322
       2.12226       1.93612
       2.13226       1.96026
       2.14126       1.98242
       2.15126       2.00211
       2.16126       2.01939
       2.17126       2.03302
       2.18026       2.04383
       2.19026       2.04960
       2.20026       2.05246
       2.20926       2.05210
       2.21926       2.04779
       2.22926       2.04037
       2.23926       2.03103
       2.24826       2.01905
       2.25826       2.00554
       2.26826       1.98946
       2.27726       1.97235
       2.28726       1.95350
       2.29726       1.93390
       2.30726       1.91275
       2.31626       1.89025
       2.32626       1.86651
       2.33626       1.84051
       2.34526       1.81356
       2.35526       1.78505
       2.36526       1.75510
       2.37526       1.72359
       2.38426       1.69083
       2.39426       1.65691
       2.40426       1.62225
       2.41326       1.58673
       2.42326       1.55075
       2.43326       1.51450
       2.44326       1.47800
       2.45226       1.44162
       2.46226       1.40527
       2.47226       1.36914
       2.48126       1.33333
       2.49126       1.29796
       2.50126       1.26291
       2.51126       1.22871
       2.52026       1.19525
       2.53026       1.16266
       2.54026       1.13124
       2.54926       1.10112
       2.55926       1.07231
       2.56926       1.04493
       2.57926       1.01899
       2.58826       0.99442
       2.59826       0.97141
       2.60826       0.94959
       2.61726       0.92926
       2.62726       0.91003
       2.63726       0.89181
       2.64726       0.87448
       2.65626       0.85795
       2.66626       0.84192
       2.67626       0.82657
       2.68526       0.81159
       2.69526       0.79678
       2.70526       0.78211
       2.71526       0.76759
       2.72426       0.75279
       2.73426       0.73810
       2.74426       0.72322
       2.75326       0.70804
       2.76326       0.69284
       2.77326       0.67773
       2.78326       0.66260
       2.79226       0.64766
       2.80226       0.63298
       2.81226       0.61908
       2.82126       0.60586
       2.83126       0.59360
       2.84126       0.58212
       2.85126       0.57189
       2.86026       0.56283
       2.87026       0.55470
       2.88026       0.54787
       2.88926       0.54192
       2.89926       0.53689
       2.90926       0.53256
       2.91826       0.52885
       2.92826       0.52542
       2.93826       0.52219
       2.94826       0.51901
       2.95726       0.51555
       2.96726       0.51154
       2.97726       0.50707
       2.98626       0.50193
       2.99626       0.49601
       3.00626       0.48932
       3.01626       0.48188
       3.02526       0.47361
       3.03526       0.46486
       3.04526       0.45535
       3.05426       0.44553
       3.06426       0.43529
       3.07426       0.42495
       3.08426       0.41453
       3.09326       0.40428
       3.10326       0.39420
       3.11326       0.38447
       3.12226       0.37516
       3.13226       0.36629
       3.14226       0.35812
       3.15226       0.35034
       3.16126       0.34318
       3.17126       0.33647
       3.18126       0.33018
       3.19026       0.32420
       3.20026       0.31842
       3.21026       0.31271
       3.22026       0.30696
       3.22926       0.30107
       3.23926       0.29495
       3.24926       0.28853
       3.25826       0.28182
       3.26826       0.27480
       3.27826       0.26755
       3.28826       0.26007
       3.29726       0.25249
       3.30726       0.24485
       3.31726       0.23722
       3.32626       0.22965
       3.33626       0.22219
       3.34626       0.21484
       3.35626       0.20761
       3.36526       0.20050
       3.37526       0.19347
       3.38526       0.18653
       3.39426       0.17963
       3.40426       0.17279
       3.41426       0.16597
       3.42426       0.15918
       3.43326       0.15241
       3.44326       0.14564
       3.45326       0.13890
       3.46226       0.13217
       3.47226       0.12544
       3.48226       0.11869
       3.49226       0.11194
       3.50126       0.10516
       3.51126       0.09836
       3.52126       0.09158
       3.53026       0.08481
       3.54026       0.07810
       3.55026       0.07148
       3.56026       0.06499
       3.56926       0.05867
       3.57926       0.05259
       3.58926       0.04677
       3.59826       0.04126
       3.60826       0.03609
       3.61826       0.03130
       3.62826       0.02689
       3.63726       0.02289
       3.64726       0.01929
       3.65726       0.01609
       3.66626       0.01327
       3.67626       0.01083
       3.68626       0.00873
       3.69626       0.00696
       3.70526       0.00547
       3.71526       0.00425
       3.72526       0.00325
       3.73426       0.00246
       3.74426       0.00183
       3.75426       0.00134
       3.76426       0.00097
       3.77326       0.00069
       3.78326       0.00048
       3.79326       0.00033
       3.80226       0.00022
       3.81226       0.00015
       3.82226       0.00010
       3.83226       0.00006
       3.84126       0.00004
       3.85126       0.00002
       3.86126       0.00002
       3.87026       0.00001
       3.88026       0.00001
       3.89026       0.00000
       3.90026       0.00000
       3.90926       0.00000
       3.91926       0.00000
       3.92926       0.00000
       3.93826       0.00000
       3.94826       0.00000
       3.95826       0.00000
       3.96826       0.00000
       3.97726       0.00000
       3.98726       0.00000
       3.99726       0.00000
       4.00626       0.00000
       4.01626       0.00000
       4.02626       0.00000
       4.03626       0.00000
       4.04526       0.00000
       4.05526       0.00000
       4.06526       0.00000
       4.07426       0.00000
       4.08426       0.00000
       4.09426       0.00000
       4.10426       0.00000
       4.11326       0.00000
       4.12326       0.00000
       4.13326       0.00000
       4.14226       0.00000
       4.15226       0.00000
       4.16226       0.00000
       4.17226       0.00000
       4.18126       0.00000
       4.19126       0.00000
       4.20126       0.00000
       4.21026       0.00000
       4.22026       0.00000
       4.23026       0.00000
       4.24026       0.00000
       4.24926       0.00000
       4.25926       0.00000
       4.26926       0.00000
       4.27826       0.00000
       4.28826       0.00000
       4.29826       0.00000
       4.30826       0.00000
       4.31726       0.00000
       4.32726       0.00000
       4.33726       0.00000
       4.34626       0.00000
       4.35626       0.00000
       4.36626       0.00000
       4.37626       0.00000
       4.38526       0.00000
       4.39526       0.00000
       4.40526       0.00000
       4.41426       0.00000
       4.42426       0.00000
       4.43426       0.00000
       4.44426       0.00000
       4.45326       0.00000
       4.46326       0.00000
       4.47326       0.00000
       4.48226       0.00000
       4.49226       0.00000
       4.50226       0.00000
       4.51226       0.00000
       4.52126       0.00000
       4.53126       0.00000
       4.54126       0.00000
       4.55026       0.00000
       4.56026       0.00000
       4.57026       0.00000
       4.58026       0.00000
       4.58926       0.00000
       4.59926       0.00000
       4.60926       0.00000
       4.61826       0.00000
       4.62826       0.00000
       4.63826       0.00000
       4.64826       0.00000
       4.65726       0.00000
       4.66726       0.00000
       4.67726       0.00000
       4.68626       0.00000
       4.69626       0.00000
       4.70626       0.00000
       4.71626       0.00000
       4.72526       0.00000
       4.73526       0.00000
       4.74526       0.00000
       4.75426       0.00000
       4.76426       0.00000
       4.77426       0.00000
       4.78426       0.00000
       4.79326       0.00000
       4.80326       0.00000
       4.81326       0.00000
       4.82226       0.00000
       4.83226       0.00000
       4.84226       0.00000
       4.85226       0.00000
       4.86126       0.00000
       4.87126       0.00000
       4.88126       0.00000
       4.89026       0.00000
       4.90026       0.00000
       4.91026       0.00000
       4.92026       0.00000
       4.92926       0.00000
       4.93926       0.00000
       4.94926       0.00000
       4.95826       0.00000
       4.96826       0.00000
       4.97826       0.00000
       4.98826       0.00000
       4.99726       0.00000
       5.00726       0.00000
       5.01726       0.00000
       5.02626       0.00000
       5.03626       0.00000
       5.04626       0.00000
       5.05626       0.00000
       5.06526       0.00000
       5.07526       0.00000
       5.08526       0.00000
       5.09426       0.00000
       5.10426       0.00000
       5.11426       0.00000
       5.12426       0.00000
       5.13326       0.00000
       5.14326       0.00000
       5.15326       0.00000
       5.16226       0.00000
       5.17226       0.00000
       5.18226       0.00000
       5.19226       0.00000
       5.20126       0.00000
       5.21126       0.00000
       5.22126       0.00000
       5.23026       0.00000
       5.24026       0.00000
       5.25026       0.00000
       5.26026       0.00000
       5.26926       0.00000
       5.27926       0.00000
       5.28926       0.00000
       5.29826       0.00000
       5.30826       0.00000
       5.31826       0.00000
       5.32826       0.00000
       5.33726       0.00000
       5.34726       0.00000
       5.35726       0.00000
       5.36626       0.00000
       5.37626       0.00000
       5.38626       0.00000
       5.39626       0.00000
       5.40526       0.00000
       5.41526       0.00000
       5.42526       0.00000
       5.43426       0.00000
       5.44426       0.00000
       5.45426       0.00000
       5.46426       0.00000
       5.47326       0.00000
       5.48326       0.00000
       5.49326       0.00000
       5.50226       0.00000
       5.51226       0.00000
       5.52226       0.00000
       5.53226       0.00000
       5.54126       0.00000
       5.55126       0.00000
       5.56126       0.00000
       5.57026       0.00000
       5.58026       0.00000
       5.59026       0.00000
       5.60026       0.00000
       5.60926       0.00000
       5.61926       0.00000
       5.62926       0.00000
       5.63826       0.00000
       5.64826       0.00000
       5.65826       0.00000
       5.66826       0.00000
       5.67726       0.00000
       5.68726       0.00000
       5.69726       0.00000
       5.70626       0.00000
       5.71626       0.00000
       5.72626       0.00000
       5.73626       0.00000
       5.74526       0.00000
       5.75526       0.00000
       5.76526       0.00000
       5.77426       0.00000
       5.78426       0.00000
       5.79426       0.00000
       5.80426       0.00000
       5.81326       0.00000
       5.82326       0.00000
       5.83326       0.00000
       5.84226       0.00000
       5.85226       0.00000
       5.86226       0.00000
       5.87226       0.00000
       5.88126       0.00000
       5.89126       0.00000
       5.90126       0.00000
       5.91026       0.00000
       5.92026       0.00000
       5.93026       0.00000
       5.94026       0.00000
       5.94926       0.00000
       5.95926       0.00000
       5.96926       0.00000
       5.97826       0.00000
       5.98826       0.00000
       5.99826       0.00000
       6.00826       0.00000
       6.01726       0.00000
       6.02726       0.00000
       6.03726       0.00000
       6.04626       0.00000
       6.05626       0.00000
       6.06626       0.00000
       6.07626       0.00001
       6.08526       0.00001
       6.09526       0.00001
       6.10526       0.00002
       6.11426       0.00002
       6.12426       0.00003
       6.13426       0.00004
       6.14426       0.00006
       6.15326       0.00007
       6.16326       0.00009
       6.17326       0.00012
       6.18226       0.00014
       6.19226       0.00017
       6.20226       0.00020
       6.21126       0.00024
       6.22126       0.00027
       6.23126       0.00030
       6.24126       0.00033
       6.25026       0.00035
       6.26026       0.00037
       6.27026       0.00038
       6.27926       0.00039
       6.28926       0.00039
       6.29926       0.00038
       6.30926       0.00036
       6.31826       0.00034
       6.32826       0.00032
       6.33826       0.00029
       6.34726       0.00026
       6.35726       0.00022
       6.36726       0.00019
       6.37726       0.00016
       6.38626       0.00013
       6.39626       0.00011
       6.40626       0.00009
       6.41526       0.00007
       6.42526       0.00005
       6.43526       0.00004
       6.44526       0.00003
       6.45426       0.00002
       6.46426       0.00001
       6.47426       0.00001
       6.48326       0.00001
       6.49326       0.00000
       6.50326       0.00000
       6.51326       0.00000
       6.52226       0.00000
       6.53226       0.00000
       6.54226       0.00000
       6.55126       0.00000
       6.56126       0.00000
       6.57126       0.00000
       6.58126       0.00000
       6.59026       0.00000
       6.60026       0.00000
       6.61026       0.00000
       6.61926       0.00000
       6.62926       0.00000
       6.63926       0.00000
       6.64926       0.00000
       6.65826       0.00000
       6.66826       0.00000
       6.67826       0.00000
       6.68726       0.00000
       6.69726       0.00001
       6.70726       0.00001
       6.71726       0.00001
       6.72626       0.00002
       6.73626       0.00003
       6.74626       0.00004
       6.75526       0.00005
       6.76526       0.00006
       6.77526       0.00008
       6.78526       0.00011
       6.79426       0.00013
       6.80426       0.00017
       6.81426       0.00020
       6.82326       0.00024
       6.83326       0.00029
       6.84326       0.00034
       6.85326       0.00039
       6.86226       0.00045
       6.87226       0.00051
       6.88226       0.00058
       6.89126       0.00065
       6.90126       0.00073
       6.91126       0.00082
       6.92126       0.00091
       6.93026       0.00102
       6.94026       0.00113
       6.95026       0.00125
       6.95926       0.00138
       6.96926       0.00151
       6.97926       0.00165
       6.98926       0.00179
       6.99826       0.00193
       7.00826       0.00205
       7.01826       0.00217
       7.02726       0.00227
       7.03726       0.00235
       7.04726       0.00240
       7.05726       0.00243
       7.06626       0.00244
       7.07626       0.00243
       7.08626       0.00239
       7.09526       0.00234
       7.10526       0.00228
       7.11526       0.00222
       7.12526       0.00215
       7.13426       0.00209
       7.14426       0.00204
       7.15426       0.00199
       7.16326       0.00196
       7.17326       0.00194
       7.18326       0.00192
       7.19326       0.00192
       7.20226       0.00191
       7.21226       0.00191
       7.22226       0.00191
       7.23126       0.00190
       7.24126       0.00188
       7.25126       0.00185
       7.26126       0.00181
       7.27026       0.00176
       7.28026       0.00170
       7.29026       0.00162
       7.29926       0.00154
       7.30926       0.00144
       7.31926       0.00134
       7.32926       0.00123
       7.33826       0.00112
       7.34826       0.00101
       7.35826       0.00090
       7.36726       0.00079
       7.37726       0.00068
       7.38726       0.00058
       7.39726       0.00049
       7.40626       0.00041
       7.41626       0.00034
       7.42626       0.00028
       7.43526       0.00022
       7.44526       0.00018
       7.45526       0.00014
       7.46526       0.00012
       7.47426       0.00010
       7.48426       0.00009
       7.49426       0.00008
       7.50326       0.00008
       7.51326       0.00009
       7.52326       0.00010
       7.53326       0.00011
       7.54226       0.00012
       7.55226       0.00014
       7.56226       0.00015
       7.57126       0.00016
       7.58126       0.00017
       7.59126       0.00018
       7.60126       0.00019
       7.61026       0.00019
       7.62026       0.00019
       7.63026       0.00018
       7.63926       0.00018
       7.64926       0.00017
       7.65926       0.00015
       7.66926       0.00014
       7.67826       0.00012
       7.68826       0.00011
       7.69826       0.00009
       7.70726       0.00008
       7.71726       0.00006
       7.72726       0.00005
       7.73726       0.00004
       7.74626       0.00003
       7.75626       0.00002
       7.76626       0.00002
       7.77526       0.00001
       7.78526       0.00001
       7.79526       0.00001
       7.80526       0.00000
       7.81426       0.00000
       7.82426       0.00000
       7.83426       0.00000
       7.84326       0.00000
       7.85326       0.00000
       7.86326       0.00000
       7.87326       0.00000
       7.88226       0.00000
       7.89226       0.00000
       7.90226       0.00000
       7.91126       0.00000
       7.92126       0.00000
       7.93126       0.00000
       7.94126       0.00000
       7.95026       0.00000
       7.96026       0.00000
       7.97026       0.00000
       7.97926       0.00000
       7.98926       0.00000
       7.99926       0.00000
       8.00926       0.00000
       8.01826       0.00000
       8.02826       0.00000
       8.03826       0.00000
       8.04726       0.00000
       8.05726       0.00000
       8.06726       0.00000
       8.07726       0.00000
       8.08626       0.00000
       8.09626       0.00000
       8.10626       0.00000
       8.11526       0.00000
       8.12526       0.00000
       8.13526       0.00000
       8.14526       0.00000
       8.15426       0.00000
       8.16426       0.00000
       8.17426       0.00000
       8.18326       0.00000
       8.19326       0.00000
       8.20326       0.00000
       8.21326       0.00000
       8.22226       0.00000
       8.23226       0.00000
       8.24226       0.00000
       8.25126       0.00000
       8.26126       0.00000
       8.27126       0.00000
       8.28126       0.00000
       8.29026       0.00000
       8.30026       0.00000
       8.31026       0.00000
       8.31926       0.00000
       8.32926       0.00000
       8.33926       0.00000
       8.34926       0.00000
       8.35826       0.00000
       8.36826       0.00000
       8.37826       0.00000
       8.38726       0.00000
       8.39726       0.00000
       8.40726       0.00000
       8.41726       0.00000
       8.42626       0.00000
       8.43626       0.00000
       8.44626       0.00000
       8.45526       0.00000
       8.46526       0.00000
       8.47526       0.00000
       8.48526       0.00000
       8.49426       0.00000
       8.50426       0.00000
       8.51426       0.00000
       8.52326       0.00000
       8.53326       0.00000
       8.54326       0.00000
       8.55326       0.00000
       8.56226       0.00000
       8.57226       0.00000
       8.58226       0.00000
       8.59126       0.00000
       8.60126       0.00000
       8.61126       0.00000
       8.62126       0.00000
       8.63026       0.00000
       8.64026       0.00000
       8.65026       0.00000
       8.65926       0.00000
       8.66926       0.00000
       8.67926       0.00000
       8.68926       0.00000
       8.69826       0.00000
       8.70826       0.00000
       8.71826       0.00000
       8.72726       0.00000
       8.73726       0.00000
       8.74726       0.00000
       8.75726       0.00000
       8.76626       0.00000
       8.77626       0.00000
       8.78626       0.00000
       8.79526       0.00000
       8.80526       0.00000
       8.81526       0.00000
       8.82526       0.00000
       8.83426       0.00000
       8.84426       0.00000
       8.85426       0.00000
       8.86326       0.00000
       8.87326       0.00000
       8.88326       0.00000
       8.89326       0.00000
       8.90226       0.00000
       8.91226       0.00000
       8.92226       0.00000
       8.93126       0.00000
