      #Energy        PDOS
     -20.19974       0.00000
     -20.19074       0.00000
     -20.18074       0.00000
     -20.17074       0.00000
     -20.16174       0.00000
     -20.15174       0.00000
     -20.14174       0.00000
     -20.13174       0.00000
     -20.12274       0.00000
     -20.11274       0.00000
     -20.10274       0.00000
     -20.09374       0.00000
     -20.08374       0.00000
     -20.07374       0.00000
     -20.06374       0.00000
     -20.05474       0.00000
     -20.04474       0.00000
     -20.03474       0.00000
     -20.02574       0.00000
     -20.01574       0.00000
     -20.00574       0.00000
     -19.99674       0.00000
     -19.98674       0.00000
     -19.97674       0.00000
     -19.96674       0.00000
     -19.95774       0.00000
     -19.94774       0.00000
     -19.93774       0.00000
     -19.92874       0.00000
     -19.91874       0.00000
     -19.90874       0.00000
     -19.89874       0.00000
     -19.88974       0.00000
     -19.87974       0.00000
     -19.86974       0.00000
     -19.86074       0.00000
     -19.85074       0.00000
     -19.84074       0.00000
     -19.83074       0.00000
     -19.82174       0.00000
     -19.81174       0.00000
     -19.80174       0.00000
     -19.79274       0.00000
     -19.78274       0.00000
     -19.77274       0.00000
     -19.76274       0.00000
     -19.75374       0.00000
     -19.74374       0.00000
     -19.73374       0.00000
     -19.72474       0.00000
     -19.71474       0.00000
     -19.70474       0.00000
     -19.69474       0.00000
     -19.68574       0.00000
     -19.67574       0.00000
     -19.66574       0.00000
     -19.65674       0.00000
     -19.64674       0.00000
     -19.63674       0.00000
     -19.62674       0.00000
     -19.61774       0.00000
     -19.60774       0.00000
     -19.59774       0.00000
     -19.58874       0.00000
     -19.57874       0.00000
     -19.56874       0.00000
     -19.55874       0.00000
     -19.54974       0.00000
     -19.53974       0.00000
     -19.52974       0.00000
     -19.52074       0.00000
     -19.51074       0.00000
     -19.50074       0.00000
     -19.49074       0.00000
     -19.48174       0.00000
     -19.47174       0.00000
     -19.46174       0.00000
     -19.45274       0.00000
     -19.44274       0.00000
     -19.43274       0.00000
     -19.42274       0.00000
     -19.41374       0.00000
     -19.40374       0.00000
     -19.39374       0.00000
     -19.38474       0.00000
     -19.37474       0.00000
     -19.36474       0.00000
     -19.35474       0.00000
     -19.34574       0.00000
     -19.33574       0.00000
     -19.32574       0.00000
     -19.31674       0.00000
     -19.30674       0.00000
     -19.29674       0.00000
     -19.28674       0.00000
     -19.27774       0.00000
     -19.26774       0.00000
     -19.25774       0.00000
     -19.24874       0.00000
     -19.23874       0.00000
     -19.22874       0.00000
     -19.21874       0.00000
     -19.20974       0.00000
     -19.19974       0.00000
     -19.18974       0.00000
     -19.18074       0.00000
     -19.17074       0.00000
     -19.16074       0.00000
     -19.15074       0.00000
     -19.14174       0.00000
     -19.13174       0.00000
     -19.12174       0.00000
     -19.11274       0.00000
     -19.10274       0.00000
     -19.09274       0.00000
     -19.08274       0.00000
     -19.07374       0.00000
     -19.06374       0.00000
     -19.05374       0.00000
     -19.04474       0.00000
     -19.03474       0.00000
     -19.02474       0.00000
     -19.01474       0.00000
     -19.00574       0.00000
     -18.99574       0.00000
     -18.98574       0.00000
     -18.97674       0.00001
     -18.96674       0.00001
     -18.95674       0.00001
     -18.94674       0.00001
     -18.93774       0.00001
     -18.92774       0.00001
     -18.91774       0.00001
     -18.90874       0.00002
     -18.89874       0.00002
     -18.88874       0.00002
     -18.87874       0.00002
     -18.86974       0.00002
     -18.85974       0.00002
     -18.84974       0.00002
     -18.84074       0.00002
     -18.83074       0.00002
     -18.82074       0.00002
     -18.81074       0.00001
     -18.80174       0.00001
     -18.79174       0.00001
     -18.78174       0.00001
     -18.77274       0.00001
     -18.76274       0.00001
     -18.75274       0.00001
     -18.74274       0.00001
     -18.73374       0.00000
     -18.72374       0.00000
     -18.71374       0.00000
     -18.70474       0.00000
     -18.69474       0.00001
     -18.68474       0.00001
     -18.67474       0.00001
     -18.66574       0.00001
     -18.65574       0.00001
     -18.64574       0.00001
     -18.63674       0.00002
     -18.62674       0.00002
     -18.61674       0.00002
     -18.60674       0.00003
     -18.59774       0.00003
     -18.58774       0.00003
     -18.57774       0.00004
     -18.56874       0.00004
     -18.55874       0.00005
     -18.54874       0.00005
     -18.53874       0.00005
     -18.52974       0.00006
     -18.51974       0.00007
     -18.50974       0.00007
     -18.50074       0.00008
     -18.49074       0.00009
     -18.48074       0.00010
     -18.47074       0.00011
     -18.46174       0.00012
     -18.45174       0.00014
     -18.44174       0.00015
     -18.43274       0.00016
     -18.42274       0.00018
     -18.41274       0.00019
     -18.40274       0.00021
     -18.39374       0.00022
     -18.38374       0.00023
     -18.37374       0.00023
     -18.36474       0.00024
     -18.35474       0.00024
     -18.34474       0.00024
     -18.33474       0.00023
     -18.32574       0.00022
     -18.31574       0.00021
     -18.30574       0.00020
     -18.29674       0.00019
     -18.28674       0.00017
     -18.27674       0.00016
     -18.26674       0.00014
     -18.25774       0.00013
     -18.24774       0.00012
     -18.23774       0.00011
     -18.22874       0.00011
     -18.21874       0.00010
     -18.20874       0.00010
     -18.19874       0.00011
     -18.18974       0.00012
     -18.17974       0.00013
     -18.16974       0.00014
     -18.16074       0.00016
     -18.15074       0.00018
     -18.14074       0.00020
     -18.13074       0.00023
     -18.12174       0.00026
     -18.11174       0.00029
     -18.10174       0.00032
     -18.09274       0.00035
     -18.08274       0.00038
     -18.07274       0.00041
     -18.06274       0.00044
     -18.05374       0.00046
     -18.04374       0.00048
     -18.03374       0.00051
     -18.02474       0.00053
     -18.01474       0.00054
     -18.00474       0.00056
     -17.99474       0.00057
     -17.98574       0.00058
     -17.97574       0.00059
     -17.96574       0.00060
     -17.95674       0.00060
     -17.94674       0.00061
     -17.93674       0.00061
     -17.92674       0.00062
     -17.91774       0.00062
     -17.90774       0.00063
     -17.89774       0.00063
     -17.88874       0.00064
     -17.87874       0.00065
     -17.86874       0.00066
     -17.85874       0.00067
     -17.84974       0.00068
     -17.83974       0.00069
     -17.82974       0.00071
     -17.82074       0.00072
     -17.81074       0.00073
     -17.80074       0.00074
     -17.79074       0.00075
     -17.78174       0.00076
     -17.77174       0.00077
     -17.76174       0.00077
     -17.75274       0.00077
     -17.74274       0.00077
     -17.73274       0.00077
     -17.72274       0.00076
     -17.71374       0.00076
     -17.70374       0.00076
     -17.69374       0.00075
     -17.68474       0.00075
     -17.67474       0.00075
     -17.66474       0.00074
     -17.65474       0.00075
     -17.64574       0.00075
     -17.63574       0.00076
     -17.62574       0.00076
     -17.61674       0.00078
     -17.60674       0.00079
     -17.59674       0.00081
     -17.58674       0.00082
     -17.57774       0.00084
     -17.56774       0.00086
     -17.55774       0.00088
     -17.54874       0.00091
     -17.53874       0.00093
     -17.52874       0.00096
     -17.51874       0.00098
     -17.50974       0.00101
     -17.49974       0.00105
     -17.48974       0.00108
     -17.48074       0.00113
     -17.47074       0.00118
     -17.46074       0.00124
     -17.45074       0.00131
     -17.44174       0.00138
     -17.43174       0.00147
     -17.42174       0.00156
     -17.41274       0.00165
     -17.40274       0.00175
     -17.39274       0.00186
     -17.38274       0.00196
     -17.37374       0.00206
     -17.36374       0.00215
     -17.35374       0.00224
     -17.34474       0.00232
     -17.33474       0.00238
     -17.32474       0.00244
     -17.31474       0.00248
     -17.30574       0.00251
     -17.29574       0.00252
     -17.28574       0.00251
     -17.27674       0.00249
     -17.26674       0.00245
     -17.25674       0.00239
     -17.24674       0.00232
     -17.23774       0.00224
     -17.22774       0.00214
     -17.21774       0.00204
     -17.20874       0.00193
     -17.19874       0.00181
     -17.18874       0.00169
     -17.17874       0.00158
     -17.16974       0.00147
     -17.15974       0.00137
     -17.14974       0.00128
     -17.14074       0.00120
     -17.13074       0.00115
     -17.12074       0.00112
     -17.11074       0.00112
     -17.10174       0.00115
     -17.09174       0.00121
     -17.08174       0.00131
     -17.07274       0.00145
     -17.06274       0.00162
     -17.05274       0.00183
     -17.04274       0.00207
     -17.03374       0.00235
     -17.02374       0.00266
     -17.01374       0.00299
     -17.00474       0.00335
     -16.99474       0.00372
     -16.98474       0.00409
     -16.97474       0.00447
     -16.96574       0.00485
     -16.95574       0.00521
     -16.94574       0.00556
     -16.93674       0.00588
     -16.92674       0.00618
     -16.91674       0.00645
     -16.90674       0.00668
     -16.89774       0.00686
     -16.88774       0.00701
     -16.87774       0.00710
     -16.86874       0.00714
     -16.85874       0.00714
     -16.84874       0.00708
     -16.83874       0.00697
     -16.82974       0.00682
     -16.81974       0.00662
     -16.80974       0.00638
     -16.80074       0.00611
     -16.79074       0.00581
     -16.78074       0.00549
     -16.77074       0.00515
     -16.76174       0.00479
     -16.75174       0.00444
     -16.74174       0.00408
     -16.73274       0.00372
     -16.72274       0.00337
     -16.71274       0.00303
     -16.70374       0.00271
     -16.69374       0.00240
     -16.68374       0.00210
     -16.67374       0.00183
     -16.66474       0.00158
     -16.65474       0.00135
     -16.64474       0.00114
     -16.63574       0.00096
     -16.62574       0.00079
     -16.61574       0.00065
     -16.60574       0.00053
     -16.59674       0.00042
     -16.58674       0.00033
     -16.57674       0.00026
     -16.56774       0.00021
     -16.55774       0.00016
     -16.54774       0.00013
     -16.53774       0.00012
     -16.52874       0.00012
     -16.51874       0.00014
     -16.50874       0.00018
     -16.49974       0.00026
     -16.48974       0.00038
     -16.47974       0.00056
     -16.46974       0.00083
     -16.46074       0.00121
     -16.45074       0.00173
     -16.44074       0.00243
     -16.43174       0.00336
     -16.42174       0.00457
     -16.41174       0.00610
     -16.40174       0.00801
     -16.39274       0.01032
     -16.38274       0.01308
     -16.37274       0.01626
     -16.36374       0.01988
     -16.35374       0.02387
     -16.34374       0.02816
     -16.33374       0.03266
     -16.32474       0.03720
     -16.31474       0.04163
     -16.30474       0.04579
     -16.29574       0.04948
     -16.28574       0.05256
     -16.27574       0.05486
     -16.26574       0.05626
     -16.25674       0.05671
     -16.24674       0.05617
     -16.23674       0.05467
     -16.22774       0.05230
     -16.21774       0.04916
     -16.20774       0.04542
     -16.19774       0.04123
     -16.18874       0.03679
     -16.17874       0.03226
     -16.16874       0.02779
     -16.15974       0.02354
     -16.14974       0.01959
     -16.13974       0.01602
     -16.12974       0.01287
     -16.12074       0.01016
     -16.11074       0.00788
     -16.10074       0.00601
     -16.09174       0.00450
     -16.08174       0.00331
     -16.07174       0.00240
     -16.06174       0.00170
     -16.05274       0.00119
     -16.04274       0.00081
     -16.03274       0.00055
     -16.02374       0.00036
     -16.01374       0.00024
     -16.00374       0.00015
     -15.99374       0.00009
     -15.98474       0.00006
     -15.97474       0.00004
     -15.96474       0.00002
     -15.95574       0.00001
     -15.94574       0.00001
     -15.93574       0.00000
     -15.92574       0.00000
     -15.91674       0.00000
     -15.90674       0.00000
     -15.89674       0.00000
     -15.88774       0.00000
     -15.87774       0.00000
     -15.86774       0.00000
     -15.85774       0.00000
     -15.84874       0.00000
     -15.83874       0.00000
     -15.82874       0.00000
     -15.81974       0.00000
     -15.80974       0.00000
     -15.79974       0.00000
     -15.78974       0.00000
     -15.78074       0.00000
     -15.77074       0.00000
     -15.76074       0.00000
     -15.75174       0.00000
     -15.74174       0.00000
     -15.73174       0.00000
     -15.72174       0.00000
     -15.71274       0.00000
     -15.70274       0.00000
     -15.69274       0.00000
     -15.68374       0.00000
     -15.67374       0.00000
     -15.66374       0.00000
     -15.65374       0.00000
     -15.64474       0.00000
     -15.63474       0.00000
     -15.62474       0.00000
     -15.61574       0.00000
     -15.60574       0.00000
     -15.59574       0.00000
     -15.58574       0.00000
     -15.57674       0.00000
     -15.56674       0.00000
     -15.55674       0.00000
     -15.54774       0.00000
     -15.53774       0.00000
     -15.52774       0.00000
     -15.51774       0.00000
     -15.50874       0.00000
     -15.49874       0.00000
     -15.48874       0.00000
     -15.47974       0.00000
     -15.46974       0.00000
     -15.45974       0.00000
     -15.44974       0.00000
     -15.44074       0.00000
     -15.43074       0.00000
     -15.42074       0.00000
     -15.41174       0.00000
     -15.40174       0.00000
     -15.39174       0.00000
     -15.38174       0.00000
     -15.37274       0.00000
     -15.36274       0.00000
     -15.35274       0.00000
     -15.34374       0.00000
     -15.33374       0.00000
     -15.32374       0.00000
     -15.31374       0.00000
     -15.30474       0.00000
     -15.29474       0.00000
     -15.28474       0.00000
     -15.27574       0.00000
     -15.26574       0.00000
     -15.25574       0.00000
     -15.24574       0.00000
     -15.23674       0.00000
     -15.22674       0.00000
     -15.21674       0.00000
     -15.20774       0.00000
     -15.19774       0.00000
     -15.18774       0.00000
     -15.17774       0.00000
     -15.16874       0.00000
     -15.15874       0.00000
     -15.14874       0.00000
     -15.13974       0.00000
     -15.12974       0.00000
     -15.11974       0.00000
     -15.10974       0.00000
     -15.10074       0.00000
     -15.09074       0.00000
     -15.08074       0.00000
     -15.07174       0.00000
     -15.06174       0.00000
     -15.05174       0.00000
     -15.04174       0.00000
     -15.03274       0.00000
     -15.02274       0.00000
     -15.01274       0.00000
     -15.00374       0.00000
     -14.99374       0.00000
     -14.98374       0.00000
     -14.97374       0.00000
     -14.96474       0.00000
     -14.95474       0.00000
     -14.94474       0.00000
     -14.93574       0.00000
     -14.92574       0.00000
     -14.91574       0.00000
     -14.90574       0.00000
     -14.89674       0.00000
     -14.88674       0.00000
     -14.87674       0.00000
     -14.86774       0.00000
     -14.85774       0.00000
     -14.84774       0.00000
     -14.83774       0.00000
     -14.82874       0.00000
     -14.81874       0.00000
     -14.80874       0.00000
     -14.79974       0.00000
     -14.78974       0.00000
     -14.77974       0.00000
     -14.76974       0.00000
     -14.76074       0.00000
     -14.75074       0.00000
     -14.74074       0.00000
     -14.73174       0.00000
     -14.72174       0.00000
     -14.71174       0.00000
     -14.70174       0.00000
     -14.69274       0.00000
     -14.68274       0.00000
     -14.67274       0.00000
     -14.66374       0.00000
     -14.65374       0.00000
     -14.64374       0.00000
     -14.63374       0.00000
     -14.62474       0.00000
     -14.61474       0.00000
     -14.60474       0.00000
     -14.59574       0.00000
     -14.58574       0.00000
     -14.57574       0.00000
     -14.56574       0.00000
     -14.55674       0.00000
     -14.54674       0.00000
     -14.53674       0.00000
     -14.52774       0.00000
     -14.51774       0.00000
     -14.50774       0.00000
     -14.49774       0.00000
     -14.48874       0.00000
     -14.47874       0.00000
     -14.46874       0.00000
     -14.45974       0.00000
     -14.44974       0.00000
     -14.43974       0.00000
     -14.42974       0.00000
     -14.42074       0.00000
     -14.41074       0.00000
     -14.40074       0.00000
     -14.39174       0.00000
     -14.38174       0.00000
     -14.37174       0.00000
     -14.36174       0.00000
     -14.35274       0.00000
     -14.34274       0.00000
     -14.33274       0.00000
     -14.32374       0.00000
     -14.31374       0.00000
     -14.30374       0.00000
     -14.29374       0.00000
     -14.28474       0.00000
     -14.27474       0.00000
     -14.26474       0.00000
     -14.25574       0.00000
     -14.24574       0.00000
     -14.23574       0.00000
     -14.22574       0.00000
     -14.21674       0.00000
     -14.20674       0.00000
     -14.19674       0.00000
     -14.18774       0.00000
     -14.17774       0.00000
     -14.16774       0.00000
     -14.15774       0.00000
     -14.14874       0.00000
     -14.13874       0.00000
     -14.12874       0.00000
     -14.11974       0.00000
     -14.10974       0.00000
     -14.09974       0.00000
     -14.08974       0.00000
     -14.08074       0.00000
     -14.07074       0.00000
     -14.06074       0.00000
     -14.05174       0.00000
     -14.04174       0.00000
     -14.03174       0.00000
     -14.02174       0.00000
     -14.01274       0.00000
     -14.00274       0.00000
     -13.99274       0.00000
     -13.98374       0.00000
     -13.97374       0.00000
     -13.96374       0.00000
     -13.95374       0.00000
     -13.94474       0.00000
     -13.93474       0.00000
     -13.92474       0.00000
     -13.91574       0.00000
     -13.90574       0.00000
     -13.89574       0.00000
     -13.88574       0.00000
     -13.87674       0.00000
     -13.86674       0.00000
     -13.85674       0.00000
     -13.84774       0.00000
     -13.83774       0.00000
     -13.82774       0.00000
     -13.81774       0.00000
     -13.80874       0.00000
     -13.79874       0.00000
     -13.78874       0.00000
     -13.77974       0.00000
     -13.76974       0.00000
     -13.75974       0.00000
     -13.74974       0.00000
     -13.74074       0.00000
     -13.73074       0.00000
     -13.72074       0.00000
     -13.71174       0.00000
     -13.70174       0.00000
     -13.69174       0.00000
     -13.68174       0.00000
     -13.67274       0.00000
     -13.66274       0.00000
     -13.65274       0.00000
     -13.64374       0.00000
     -13.63374       0.00000
     -13.62374       0.00000
     -13.61374       0.00000
     -13.60474       0.00000
     -13.59474       0.00000
     -13.58474       0.00000
     -13.57574       0.00000
     -13.56574       0.00000
     -13.55574       0.00000
     -13.54574       0.00000
     -13.53674       0.00000
     -13.52674       0.00000
     -13.51674       0.00000
     -13.50774       0.00000
     -13.49774       0.00000
     -13.48774       0.00000
     -13.47874       0.00000
     -13.46874       0.00000
     -13.45874       0.00000
     -13.44874       0.00000
     -13.43974       0.00000
     -13.42974       0.00000
     -13.41974       0.00000
     -13.41074       0.00000
     -13.40074       0.00000
     -13.39074       0.00000
     -13.38074       0.00000
     -13.37174       0.00000
     -13.36174       0.00000
     -13.35174       0.00000
     -13.34274       0.00000
     -13.33274       0.00000
     -13.32274       0.00000
     -13.31274       0.00000
     -13.30374       0.00000
     -13.29374       0.00000
     -13.28374       0.00000
     -13.27474       0.00000
     -13.26474       0.00000
     -13.25474       0.00000
     -13.24474       0.00000
     -13.23574       0.00000
     -13.22574       0.00000
     -13.21574       0.00000
     -13.20674       0.00000
     -13.19674       0.00000
     -13.18674       0.00000
     -13.17674       0.00000
     -13.16774       0.00000
     -13.15774       0.00000
     -13.14774       0.00000
     -13.13874       0.00000
     -13.12874       0.00000
     -13.11874       0.00000
     -13.10874       0.00000
     -13.09974       0.00000
     -13.08974       0.00000
     -13.07974       0.00000
     -13.07074       0.00000
     -13.06074       0.00000
     -13.05074       0.00000
     -13.04074       0.00000
     -13.03174       0.00000
     -13.02174       0.00000
     -13.01174       0.00000
     -13.00274       0.00000
     -12.99274       0.00000
     -12.98274       0.00000
     -12.97274       0.00000
     -12.96374       0.00000
     -12.95374       0.00000
     -12.94374       0.00000
     -12.93474       0.00000
     -12.92474       0.00000
     -12.91474       0.00000
     -12.90474       0.00000
     -12.89574       0.00000
     -12.88574       0.00000
     -12.87574       0.00000
     -12.86674       0.00000
     -12.85674       0.00000
     -12.84674       0.00000
     -12.83674       0.00000
     -12.82774       0.00000
     -12.81774       0.00000
     -12.80774       0.00000
     -12.79874       0.00000
     -12.78874       0.00000
     -12.77874       0.00000
     -12.76874       0.00000
     -12.75974       0.00000
     -12.74974       0.00000
     -12.73974       0.00000
     -12.73074       0.00000
     -12.72074       0.00000
     -12.71074       0.00000
     -12.70074       0.00000
     -12.69174       0.00000
     -12.68174       0.00000
     -12.67174       0.00000
     -12.66274       0.00000
     -12.65274       0.00000
     -12.64274       0.00000
     -12.63274       0.00000
     -12.62374       0.00000
     -12.61374       0.00000
     -12.60374       0.00000
     -12.59474       0.00000
     -12.58474       0.00000
     -12.57474       0.00000
     -12.56474       0.00000
     -12.55574       0.00000
     -12.54574       0.00000
     -12.53574       0.00000
     -12.52674       0.00000
     -12.51674       0.00000
     -12.50674       0.00000
     -12.49674       0.00000
     -12.48774       0.00000
     -12.47774       0.00000
     -12.46774       0.00000
     -12.45874       0.00000
     -12.44874       0.00000
     -12.43874       0.00000
     -12.42874       0.00000
     -12.41974       0.00000
     -12.40974       0.00000
     -12.39974       0.00000
     -12.39074       0.00000
     -12.38074       0.00000
     -12.37074       0.00000
     -12.36074       0.00000
     -12.35174       0.00000
     -12.34174       0.00000
     -12.33174       0.00000
     -12.32274       0.00000
     -12.31274       0.00000
     -12.30274       0.00000
     -12.29274       0.00000
     -12.28374       0.00000
     -12.27374       0.00000
     -12.26374       0.00000
     -12.25474       0.00000
     -12.24474       0.00000
     -12.23474       0.00000
     -12.22474       0.00000
     -12.21574       0.00000
     -12.20574       0.00000
     -12.19574       0.00000
     -12.18674       0.00000
     -12.17674       0.00000
     -12.16674       0.00000
     -12.15674       0.00000
     -12.14774       0.00000
     -12.13774       0.00000
     -12.12774       0.00000
     -12.11874       0.00000
     -12.10874       0.00000
     -12.09874       0.00000
     -12.08874       0.00000
     -12.07974       0.00000
     -12.06974       0.00000
     -12.05974       0.00000
     -12.05074       0.00000
     -12.04074       0.00000
     -12.03074       0.00000
     -12.02074       0.00000
     -12.01174       0.00000
     -12.00174       0.00000
     -11.99174       0.00000
     -11.98274       0.00000
     -11.97274       0.00000
     -11.96274       0.00000
     -11.95274       0.00000
     -11.94374       0.00000
     -11.93374       0.00000
     -11.92374       0.00000
     -11.91474       0.00000
     -11.90474       0.00000
     -11.89474       0.00000
     -11.88474       0.00000
     -11.87574       0.00000
     -11.86574       0.00000
     -11.85574       0.00000
     -11.84674       0.00000
     -11.83674       0.00000
     -11.82674       0.00000
     -11.81674       0.00000
     -11.80774       0.00000
     -11.79774       0.00000
     -11.78774       0.00000
     -11.77874       0.00000
     -11.76874       0.00000
     -11.75874       0.00000
     -11.74874       0.00000
     -11.73974       0.00000
     -11.72974       0.00000
     -11.71974       0.00000
     -11.71074       0.00000
     -11.70074       0.00000
     -11.69074       0.00000
     -11.68074       0.00000
     -11.67174       0.00000
     -11.66174       0.00000
     -11.65174       0.00000
     -11.64274       0.00000
     -11.63274       0.00000
     -11.62274       0.00000
     -11.61274       0.00000
     -11.60374       0.00000
     -11.59374       0.00000
     -11.58374       0.00000
     -11.57474       0.00000
     -11.56474       0.00000
     -11.55474       0.00000
     -11.54474       0.00000
     -11.53574       0.00000
     -11.52574       0.00000
     -11.51574       0.00000
     -11.50674       0.00000
     -11.49674       0.00000
     -11.48674       0.00000
     -11.47674       0.00000
     -11.46774       0.00000
     -11.45774       0.00000
     -11.44774       0.00000
     -11.43874       0.00000
     -11.42874       0.00000
     -11.41874       0.00000
     -11.40874       0.00000
     -11.39974       0.00000
     -11.38974       0.00000
     -11.37974       0.00000
     -11.37074       0.00000
     -11.36074       0.00000
     -11.35074       0.00000
     -11.34074       0.00000
     -11.33174       0.00000
     -11.32174       0.00000
     -11.31174       0.00000
     -11.30274       0.00000
     -11.29274       0.00000
     -11.28274       0.00000
     -11.27274       0.00000
     -11.26374       0.00000
     -11.25374       0.00000
     -11.24374       0.00000
     -11.23474       0.00000
     -11.22474       0.00000
     -11.21474       0.00000
     -11.20474       0.00000
     -11.19574       0.00000
     -11.18574       0.00000
     -11.17574       0.00000
     -11.16674       0.00000
     -11.15674       0.00000
     -11.14674       0.00000
     -11.13674       0.00000
     -11.12774       0.00000
     -11.11774       0.00000
     -11.10774       0.00000
     -11.09874       0.00000
     -11.08874       0.00000
     -11.07874       0.00000
     -11.06874       0.00000
     -11.05974       0.00000
     -11.04974       0.00000
     -11.03974       0.00000
     -11.03074       0.00000
     -11.02074       0.00000
     -11.01074       0.00000
     -11.00074       0.00000
     -10.99174       0.00000
     -10.98174       0.00000
     -10.97174       0.00000
     -10.96274       0.00000
     -10.95274       0.00000
     -10.94274       0.00000
     -10.93274       0.00000
     -10.92374       0.00000
     -10.91374       0.00000
     -10.90374       0.00000
     -10.89474       0.00000
     -10.88474       0.00000
     -10.87474       0.00000
     -10.86474       0.00000
     -10.85574       0.00000
     -10.84574       0.00000
     -10.83574       0.00000
     -10.82674       0.00000
     -10.81674       0.00000
     -10.80674       0.00000
     -10.79674       0.00000
     -10.78774       0.00000
     -10.77774       0.00000
     -10.76774       0.00000
     -10.75874       0.00000
     -10.74874       0.00000
     -10.73874       0.00000
     -10.72874       0.00000
     -10.71974       0.00000
     -10.70974       0.00000
     -10.69974       0.00000
     -10.69074       0.00000
     -10.68074       0.00000
     -10.67074       0.00000
     -10.66074       0.00000
     -10.65174       0.00000
     -10.64174       0.00000
     -10.63174       0.00000
     -10.62274       0.00000
     -10.61274       0.00000
     -10.60274       0.00000
     -10.59274       0.00000
     -10.58374       0.00000
     -10.57374       0.00000
     -10.56374       0.00000
     -10.55474       0.00000
     -10.54474       0.00000
     -10.53474       0.00000
     -10.52474       0.00000
     -10.51574       0.00000
     -10.50574       0.00000
     -10.49574       0.00000
     -10.48674       0.00000
     -10.47674       0.00000
     -10.46674       0.00000
     -10.45674       0.00000
     -10.44774       0.00000
     -10.43774       0.00000
     -10.42774       0.00000
     -10.41874       0.00000
     -10.40874       0.00000
     -10.39874       0.00000
     -10.38874       0.00000
     -10.37974       0.00000
     -10.36974       0.00000
     -10.35974       0.00000
     -10.35074       0.00000
     -10.34074       0.00000
     -10.33074       0.00000
     -10.32074       0.00000
     -10.31174       0.00000
     -10.30174       0.00000
     -10.29174       0.00000
     -10.28274       0.00000
     -10.27274       0.00000
     -10.26274       0.00000
     -10.25274       0.00000
     -10.24374       0.00000
     -10.23374       0.00000
     -10.22374       0.00000
     -10.21474       0.00000
     -10.20474       0.00000
     -10.19474       0.00000
     -10.18574       0.00000
     -10.17574       0.00000
     -10.16574       0.00000
     -10.15574       0.00000
     -10.14674       0.00000
     -10.13674       0.00000
     -10.12674       0.00000
     -10.11774       0.00000
     -10.10774       0.00000
     -10.09774       0.00000
     -10.08774       0.00000
     -10.07874       0.00000
     -10.06874       0.00000
     -10.05874       0.00000
     -10.04974       0.00000
     -10.03974       0.00000
     -10.02974       0.00000
     -10.01974       0.00000
     -10.01074       0.00000
     -10.00074       0.00000
      -9.99074       0.00000
      -9.98174       0.00000
      -9.97174       0.00000
      -9.96174       0.00000
      -9.95174       0.00000
      -9.94274       0.00000
      -9.93274       0.00000
      -9.92274       0.00000
      -9.91374       0.00000
      -9.90374       0.00000
      -9.89374       0.00000
      -9.88374       0.00000
      -9.87474       0.00000
      -9.86474       0.00000
      -9.85474       0.00000
      -9.84574       0.00000
      -9.83574       0.00000
      -9.82574       0.00000
      -9.81574       0.00000
      -9.80674       0.00000
      -9.79674       0.00000
      -9.78674       0.00000
      -9.77774       0.00000
      -9.76774       0.00000
      -9.75774       0.00000
      -9.74774       0.00000
      -9.73874       0.00000
      -9.72874       0.00000
      -9.71874       0.00000
      -9.70974       0.00000
      -9.69974       0.00000
      -9.68974       0.00000
      -9.67974       0.00000
      -9.67074       0.00000
      -9.66074       0.00000
      -9.65074       0.00000
      -9.64174       0.00000
      -9.63174       0.00000
      -9.62174       0.00000
      -9.61174       0.00000
      -9.60274       0.00000
      -9.59274       0.00000
      -9.58274       0.00000
      -9.57374       0.00000
      -9.56374       0.00000
      -9.55374       0.00000
      -9.54374       0.00000
      -9.53474       0.00000
      -9.52474       0.00000
      -9.51474       0.00000
      -9.50574       0.00000
      -9.49574       0.00000
      -9.48574       0.00000
      -9.47574       0.00000
      -9.46674       0.00000
      -9.45674       0.00000
      -9.44674       0.00000
      -9.43774       0.00000
      -9.42774       0.00000
      -9.41774       0.00000
      -9.40774       0.00000
      -9.39874       0.00000
      -9.38874       0.00000
      -9.37874       0.00000
      -9.36974       0.00000
      -9.35974       0.00000
      -9.34974       0.00000
      -9.33974       0.00000
      -9.33074       0.00000
      -9.32074       0.00000
      -9.31074       0.00000
      -9.30174       0.00000
      -9.29174       0.00000
      -9.28174       0.00000
      -9.27174       0.00000
      -9.26274       0.00000
      -9.25274       0.00000
      -9.24274       0.00000
      -9.23374       0.00000
      -9.22374       0.00000
      -9.21374       0.00000
      -9.20374       0.00000
      -9.19474       0.00000
      -9.18474       0.00000
      -9.17474       0.00000
      -9.16574       0.00000
      -9.15574       0.00000
      -9.14574       0.00000
      -9.13574       0.00000
      -9.12674       0.00000
      -9.11674       0.00000
      -9.10674       0.00000
      -9.09774       0.00000
      -9.08774       0.00000
      -9.07774       0.00000
      -9.06774       0.00000
      -9.05874       0.00000
      -9.04874       0.00000
      -9.03874       0.00000
      -9.02974       0.00000
      -9.01974       0.00000
      -9.00974       0.00000
      -8.99974       0.00000
      -8.99074       0.00000
      -8.98074       0.00000
      -8.97074       0.00000
      -8.96174       0.00000
      -8.95174       0.00000
      -8.94174       0.00000
      -8.93174       0.00000
      -8.92274       0.00000
      -8.91274       0.00000
      -8.90274       0.00000
      -8.89374       0.00000
      -8.88374       0.00000
      -8.87374       0.00000
      -8.86374       0.00000
      -8.85474       0.00000
      -8.84474       0.00000
      -8.83474       0.00000
      -8.82574       0.00000
      -8.81574       0.00000
      -8.80574       0.00000
      -8.79574       0.00000
      -8.78674       0.00000
      -8.77674       0.00000
      -8.76674       0.00000
      -8.75774       0.00000
      -8.74774       0.00000
      -8.73774       0.00000
      -8.72774       0.00000
      -8.71874       0.00000
      -8.70874       0.00000
      -8.69874       0.00000
      -8.68974       0.00000
      -8.67974       0.00000
      -8.66974       0.00000
      -8.65974       0.00000
      -8.65074       0.00000
      -8.64074       0.00000
      -8.63074       0.00000
      -8.62174       0.00000
      -8.61174       0.00000
      -8.60174       0.00000
      -8.59174       0.00000
      -8.58274       0.00000
      -8.57274       0.00000
      -8.56274       0.00000
      -8.55374       0.00000
      -8.54374       0.00000
      -8.53374       0.00000
      -8.52374       0.00000
      -8.51474       0.00000
      -8.50474       0.00000
      -8.49474       0.00000
      -8.48574       0.00000
      -8.47574       0.00000
      -8.46574       0.00000
      -8.45574       0.00000
      -8.44674       0.00000
      -8.43674       0.00000
      -8.42674       0.00000
      -8.41774       0.00000
      -8.40774       0.00000
      -8.39774       0.00000
      -8.38774       0.00000
      -8.37874       0.00000
      -8.36874       0.00000
      -8.35874       0.00000
      -8.34974       0.00000
      -8.33974       0.00000
      -8.32974       0.00000
      -8.31974       0.00000
      -8.31074       0.00000
      -8.30074       0.00000
      -8.29074       0.00000
      -8.28174       0.00000
      -8.27174       0.00000
      -8.26174       0.00000
      -8.25174       0.00000
      -8.24274       0.00000
      -8.23274       0.00000
      -8.22274       0.00000
      -8.21374       0.00000
      -8.20374       0.00000
      -8.19374       0.00000
      -8.18374       0.00000
      -8.17474       0.00000
      -8.16474       0.00000
      -8.15474       0.00000
      -8.14574       0.00000
      -8.13574       0.00000
      -8.12574       0.00000
      -8.11574       0.00000
      -8.10674       0.00000
      -8.09674       0.00000
      -8.08674       0.00000
      -8.07774       0.00000
      -8.06774       0.00000
      -8.05774       0.00000
      -8.04774       0.00000
      -8.03874       0.00000
      -8.02874       0.00000
      -8.01874       0.00000
      -8.00974       0.00000
      -7.99974       0.00000
      -7.98974       0.00000
      -7.97974       0.00000
      -7.97074       0.00000
      -7.96074       0.00000
      -7.95074       0.00000
      -7.94174       0.00000
      -7.93174       0.00000
      -7.92174       0.00000
      -7.91174       0.00000
      -7.90274       0.00000
      -7.89274       0.00000
      -7.88274       0.00000
      -7.87374       0.00000
      -7.86374       0.00000
      -7.85374       0.00000
      -7.84374       0.00000
      -7.83474       0.00000
      -7.82474       0.00000
      -7.81474       0.00000
      -7.80574       0.00000
      -7.79574       0.00000
      -7.78574       0.00000
      -7.77574       0.00000
      -7.76674       0.00000
      -7.75674       0.00000
      -7.74674       0.00000
      -7.73774       0.00000
      -7.72774       0.00000
      -7.71774       0.00000
      -7.70774       0.00000
      -7.69874       0.00000
      -7.68874       0.00000
      -7.67874       0.00000
      -7.66974       0.00000
      -7.65974       0.00000
      -7.64974       0.00000
      -7.63974       0.00000
      -7.63074       0.00000
      -7.62074       0.00000
      -7.61074       0.00000
      -7.60174       0.00000
      -7.59174       0.00000
      -7.58174       0.00000
      -7.57174       0.00000
      -7.56274       0.00000
      -7.55274       0.00000
      -7.54274       0.00000
      -7.53374       0.00000
      -7.52374       0.00000
      -7.51374       0.00000
      -7.50374       0.00000
      -7.49474       0.00000
      -7.48474       0.00000
      -7.47474       0.00000
      -7.46574       0.00000
      -7.45574       0.00000
      -7.44574       0.00000
      -7.43574       0.00000
      -7.42674       0.00000
      -7.41674       0.00000
      -7.40674       0.00000
      -7.39774       0.00000
      -7.38774       0.00000
      -7.37774       0.00000
      -7.36774       0.00000
      -7.35874       0.00000
      -7.34874       0.00000
      -7.33874       0.00000
      -7.32974       0.00000
      -7.31974       0.00000
      -7.30974       0.00000
      -7.29974       0.00000
      -7.29074       0.00000
      -7.28074       0.00000
      -7.27074       0.00000
      -7.26174       0.00000
      -7.25174       0.00000
      -7.24174       0.00000
      -7.23174       0.00000
      -7.22274       0.00000
      -7.21274       0.00000
      -7.20274       0.00000
      -7.19374       0.00000
      -7.18374       0.00000
      -7.17374       0.00000
      -7.16374       0.00000
      -7.15474       0.00000
      -7.14474       0.00000
      -7.13474       0.00000
      -7.12574       0.00000
      -7.11574       0.00000
      -7.10574       0.00000
      -7.09574       0.00000
      -7.08674       0.00000
      -7.07674       0.00000
      -7.06674       0.00000
      -7.05774       0.00000
      -7.04774       0.00000
      -7.03774       0.00000
      -7.02774       0.00000
      -7.01874       0.00000
      -7.00874       0.00000
      -6.99874       0.00000
      -6.98974       0.00000
      -6.97974       0.00000
      -6.96974       0.00000
      -6.95974       0.00000
      -6.95074       0.00000
      -6.94074       0.00000
      -6.93074       0.00000
      -6.92174       0.00000
      -6.91174       0.00000
      -6.90174       0.00000
      -6.89274       0.00000
      -6.88274       0.00000
      -6.87274       0.00000
      -6.86274       0.00000
      -6.85374       0.00001
      -6.84374       0.00001
      -6.83374       0.00001
      -6.82474       0.00002
      -6.81474       0.00003
      -6.80474       0.00004
      -6.79474       0.00005
      -6.78574       0.00006
      -6.77574       0.00008
      -6.76574       0.00010
      -6.75674       0.00012
      -6.74674       0.00014
      -6.73674       0.00017
      -6.72674       0.00019
      -6.71774       0.00022
      -6.70774       0.00024
      -6.69774       0.00027
      -6.68874       0.00029
      -6.67874       0.00030
      -6.66874       0.00031
      -6.65874       0.00032
      -6.64974       0.00031
      -6.63974       0.00031
      -6.62974       0.00029
      -6.62074       0.00028
      -6.61074       0.00026
      -6.60074       0.00023
      -6.59074       0.00021
      -6.58174       0.00018
      -6.57174       0.00016
      -6.56174       0.00014
      -6.55274       0.00012
      -6.54274       0.00010
      -6.53274       0.00010
      -6.52274       0.00010
      -6.51374       0.00011
      -6.50374       0.00013
      -6.49374       0.00017
      -6.48474       0.00023
      -6.47474       0.00032
      -6.46474       0.00043
      -6.45474       0.00059
      -6.44574       0.00078
      -6.43574       0.00103
      -6.42574       0.00133
      -6.41674       0.00169
      -6.40674       0.00211
      -6.39674       0.00259
      -6.38674       0.00312
      -6.37774       0.00369
      -6.36774       0.00428
      -6.35774       0.00489
      -6.34874       0.00547
      -6.33874       0.00602
      -6.32874       0.00651
      -6.31874       0.00691
      -6.30974       0.00720
      -6.29974       0.00736
      -6.28974       0.00740
      -6.28074       0.00730
      -6.27074       0.00708
      -6.26074       0.00674
      -6.25074       0.00630
      -6.24174       0.00578
      -6.23174       0.00521
      -6.22174       0.00461
      -6.21274       0.00401
      -6.20274       0.00343
      -6.19274       0.00287
      -6.18274       0.00237
      -6.17374       0.00191
      -6.16374       0.00152
      -6.15374       0.00119
      -6.14474       0.00091
      -6.13474       0.00069
      -6.12474       0.00051
      -6.11474       0.00038
      -6.10574       0.00028
      -6.09574       0.00021
      -6.08574       0.00016
      -6.07674       0.00012
      -6.06674       0.00011
      -6.05674       0.00010
      -6.04674       0.00009
      -6.03774       0.00010
      -6.02774       0.00011
      -6.01774       0.00012
      -6.00874       0.00014
      -5.99874       0.00016
      -5.98874       0.00018
      -5.97874       0.00021
      -5.96974       0.00026
      -5.95974       0.00032
      -5.94974       0.00040
      -5.94074       0.00051
      -5.93074       0.00066
      -5.92074       0.00086
      -5.91074       0.00113
      -5.90174       0.00148
      -5.89174       0.00192
      -5.88174       0.00246
      -5.87274       0.00312
      -5.86274       0.00390
      -5.85274       0.00480
      -5.84274       0.00581
      -5.83374       0.00692
      -5.82374       0.00810
      -5.81374       0.00932
      -5.80474       0.01052
      -5.79474       0.01167
      -5.78474       0.01271
      -5.77474       0.01360
      -5.76574       0.01429
      -5.75574       0.01475
      -5.74574       0.01495
      -5.73674       0.01491
      -5.72674       0.01462
      -5.71674       0.01412
      -5.70674       0.01344
      -5.69774       0.01264
      -5.68774       0.01176
      -5.67774       0.01088
      -5.66874       0.01006
      -5.65874       0.00933
      -5.64874       0.00874
      -5.63874       0.00833
      -5.62974       0.00810
      -5.61974       0.00808
      -5.60974       0.00824
      -5.60074       0.00858
      -5.59074       0.00908
      -5.58074       0.00969
      -5.57074       0.01041
      -5.56174       0.01118
      -5.55174       0.01200
      -5.54174       0.01282
      -5.53274       0.01366
      -5.52274       0.01446
      -5.51274       0.01526
      -5.50274       0.01602
      -5.49374       0.01677
      -5.48374       0.01748
      -5.47374       0.01816
      -5.46474       0.01881
      -5.45474       0.01941
      -5.44474       0.01995
      -5.43474       0.02042
      -5.42574       0.02080
      -5.41574       0.02110
      -5.40574       0.02127
      -5.39674       0.02133
      -5.38674       0.02126
      -5.37674       0.02107
      -5.36674       0.02079
      -5.35774       0.02041
      -5.34774       0.01995
      -5.33774       0.01945
      -5.32874       0.01891
      -5.31874       0.01838
      -5.30874       0.01786
      -5.29874       0.01737
      -5.28974       0.01694
      -5.27974       0.01658
      -5.26974       0.01629
      -5.26074       0.01606
      -5.25074       0.01591
      -5.24074       0.01583
      -5.23074       0.01583
      -5.22174       0.01588
      -5.21174       0.01598
      -5.20174       0.01612
      -5.19274       0.01631
      -5.18274       0.01652
      -5.17274       0.01675
      -5.16274       0.01700
      -5.15374       0.01726
      -5.14374       0.01752
      -5.13374       0.01778
      -5.12474       0.01806
      -5.11474       0.01833
      -5.10474       0.01862
      -5.09474       0.01891
      -5.08574       0.01923
      -5.07574       0.01957
      -5.06574       0.01994
      -5.05674       0.02036
      -5.04674       0.02085
      -5.03674       0.02141
      -5.02674       0.02207
      -5.01774       0.02283
      -5.00774       0.02370
      -4.99774       0.02470
      -4.98874       0.02584
      -4.97874       0.02711
      -4.96874       0.02852
      -4.95874       0.03005
      -4.94974       0.03167
      -4.93974       0.03340
      -4.92974       0.03518
      -4.92074       0.03701
      -4.91074       0.03886
      -4.90074       0.04068
      -4.89074       0.04248
      -4.88174       0.04421
      -4.87174       0.04585
      -4.86174       0.04737
      -4.85274       0.04877
      -4.84274       0.05003
      -4.83274       0.05114
      -4.82274       0.05211
      -4.81374       0.05294
      -4.80374       0.05366
      -4.79374       0.05429
      -4.78474       0.05486
      -4.77474       0.05540
      -4.76474       0.05595
      -4.75474       0.05657
      -4.74574       0.05728
      -4.73574       0.05814
      -4.72574       0.05918
      -4.71674       0.06043
      -4.70674       0.06193
      -4.69674       0.06370
      -4.68674       0.06578
      -4.67774       0.06819
      -4.66774       0.07100
      -4.65774       0.07422
      -4.64874       0.07791
      -4.63874       0.08213
      -4.62874       0.08690
      -4.61874       0.09230
      -4.60974       0.09836
      -4.59974       0.10512
      -4.58974       0.11256
      -4.58074       0.12072
      -4.57074       0.12958
      -4.56074       0.13909
      -4.55074       0.14923
      -4.54174       0.15997
      -4.53174       0.17128
      -4.52174       0.18315
      -4.51274       0.19560
      -4.50274       0.20863
      -4.49274       0.22236
      -4.48274       0.23675
      -4.47374       0.25190
      -4.46374       0.26791
      -4.45374       0.28466
      -4.44474       0.30226
      -4.43474       0.32049
      -4.42474       0.33903
      -4.41474       0.35784
      -4.40574       0.37621
      -4.39574       0.39387
      -4.38574       0.41036
      -4.37674       0.42503
      -4.36674       0.43753
      -4.35674       0.44736
      -4.34674       0.45423
      -4.33774       0.45797
      -4.32774       0.45849
      -4.31774       0.45582
      -4.30874       0.45019
      -4.29874       0.44185
      -4.28874       0.43115
      -4.27874       0.41842
      -4.26974       0.40424
      -4.25974       0.38875
      -4.24974       0.37235
      -4.24074       0.35550
      -4.23074       0.33831
      -4.22074       0.32108
      -4.21074       0.30397
      -4.20174       0.28722
      -4.19174       0.27090
      -4.18174       0.25512
      -4.17274       0.24017
      -4.16274       0.22596
      -4.15274       0.21268
      -4.14274       0.20039
      -4.13374       0.18914
      -4.12374       0.17894
      -4.11374       0.16980
      -4.10474       0.16167
      -4.09474       0.15453
      -4.08474       0.14830
      -4.07474       0.14291
      -4.06574       0.13831
      -4.05574       0.13444
      -4.04574       0.13126
      -4.03674       0.12876
      -4.02674       0.12694
      -4.01674       0.12580
      -4.00674       0.12538
      -3.99774       0.12568
      -3.98774       0.12677
      -3.97774       0.12861
      -3.96874       0.13119
      -3.95874       0.13449
      -3.94874       0.13840
      -3.93874       0.14285
      -3.92974       0.14766
      -3.91974       0.15269
      -3.90974       0.15776
      -3.90074       0.16271
      -3.89074       0.16738
      -3.88074       0.17161
      -3.87074       0.17521
      -3.86174       0.17818
      -3.85174       0.18055
      -3.84174       0.18224
      -3.83274       0.18317
      -3.82274       0.18351
      -3.81274       0.18338
      -3.80274       0.18282
      -3.79374       0.18187
      -3.78374       0.18055
      -3.77374       0.17898
      -3.76474       0.17725
      -3.75474       0.17518
      -3.74474       0.17296
      -3.73474       0.17038
      -3.72574       0.16752
      -3.71574       0.16438
      -3.70574       0.16095
      -3.69674       0.15732
      -3.68674       0.15351
      -3.67674       0.14961
      -3.66774       0.14596
      -3.65774       0.14255
      -3.64774       0.13971
      -3.63774       0.13768
      -3.62874       0.13681
      -3.61874       0.13739
      -3.60874       0.13956
      -3.59974       0.14395
      -3.58974       0.15058
      -3.57974       0.15988
      -3.56974       0.17216
      -3.56074       0.18775
      -3.55074       0.20704
      -3.54074       0.23025
      -3.53174       0.25769
      -3.52174       0.28965
      -3.51174       0.32642
      -3.50174       0.36823
      -3.49274       0.41484
      -3.48274       0.46657
      -3.47274       0.52282
      -3.46374       0.58342
      -3.45374       0.64746
      -3.44374       0.71428
      -3.43374       0.78259
      -3.42474       0.85104
      -3.41474       0.91813
      -3.40474       0.98239
      -3.39574       1.04213
      -3.38574       1.09584
      -3.37574       1.14219
      -3.36574       1.18065
      -3.35674       1.20945
      -3.34674       1.22953
      -3.33674       1.24069
      -3.32774       1.24301
      -3.31774       1.23814
      -3.30774       1.22615
      -3.29774       1.20989
      -3.28874       1.19071
      -3.27874       1.16907
      -3.26874       1.14675
      -3.25974       1.12493
      -3.24974       1.10408
      -3.23974       1.08492
      -3.22974       1.06755
      -3.22074       1.05198
      -3.21074       1.03773
      -3.20074       1.02442
      -3.19174       1.01158
      -3.18174       0.99852
      -3.17174       0.98496
      -3.16174       0.97050
      -3.15274       0.95500
      -3.14274       0.93860
      -3.13274       0.92140
      -3.12374       0.90400
      -3.11374       0.88670
      -3.10374       0.87050
      -3.09374       0.85580
      -3.08474       0.84300
      -3.07474       0.83290
      -3.06474       0.82560
      -3.05574       0.82120
      -3.04574       0.81990
      -3.03574       0.82130
      -3.02574       0.82520
      -3.01674       0.83120
      -3.00674       0.83860
      -2.99674       0.84720
      -2.98774       0.85620
      -2.97774       0.86540
      -2.96774       0.87430
      -2.95774       0.88260
      -2.94874       0.88980
      -2.93874       0.89600
      -2.92874       0.90060
      -2.91974       0.90360
      -2.90974       0.90490
      -2.89974       0.90410
      -2.88974       0.90140
      -2.88074       0.89660
      -2.87074       0.89000
      -2.86074       0.88170
      -2.85174       0.87210
      -2.84174       0.86150
      -2.83174       0.85020
      -2.82174       0.83920
      -2.81274       0.82860
      -2.80274       0.81910
      -2.79274       0.81120
      -2.78374       0.80500
      -2.77374       0.80090
      -2.76374       0.79870
      -2.75374       0.79880
      -2.74474       0.80040
      -2.73474       0.80360
      -2.72474       0.80770
      -2.71574       0.81260
      -2.70574       0.81760
      -2.69574       0.82240
      -2.68574       0.82660
      -2.67674       0.83000
      -2.66674       0.83240
      -2.65674       0.83380
      -2.64774       0.83410
      -2.63774       0.83340
      -2.62774       0.83191
      -2.61774       0.82996
      -2.60874       0.82738
      -2.59874       0.82491
      -2.58874       0.82217
      -2.57974       0.81955
      -2.56974       0.81705
      -2.55974       0.81464
      -2.54974       0.81229
      -2.54074       0.80977
      -2.53074       0.80695
      -2.52074       0.80370
      -2.51174       0.79972
      -2.50174       0.79478
      -2.49174       0.78881
      -2.48174       0.78161
      -2.47274       0.77309
      -2.46274       0.76329
      -2.45274       0.75220
      -2.44374       0.73975
      -2.43374       0.72623
      -2.42374       0.71184
      -2.41374       0.69655
      -2.40474       0.68085
      -2.39474       0.66470
      -2.38474       0.64835
      -2.37574       0.63198
      -2.36574       0.61565
      -2.35574       0.59954
      -2.34574       0.58362
      -2.33674       0.56800
      -2.32674       0.55257
      -2.31674       0.53746
      -2.30774       0.52248
      -2.29774       0.50767
      -2.28774       0.49326
      -2.27774       0.47898
      -2.26874       0.46506
      -2.25874       0.45163
      -2.24874       0.43882
      -2.23974       0.42663
      -2.22974       0.41550
      -2.21974       0.40563
      -2.20974       0.39705
      -2.20074       0.39015
      -2.19074       0.38495
      -2.18074       0.38156
      -2.17174       0.38018
      -2.16174       0.38072
      -2.15174       0.38297
      -2.14174       0.38680
      -2.13274       0.39210
      -2.12274       0.39853
      -2.11274       0.40564
      -2.10374       0.41309
      -2.09374       0.42060
      -2.08374       0.42801
      -2.07374       0.43476
      -2.06474       0.44069
      -2.05474       0.44575
      -2.04474       0.44979
      -2.03574       0.45280
      -2.02574       0.45508
      -2.01574       0.45645
      -2.00574       0.45735
      -1.99674       0.45805
      -1.98674       0.45862
      -1.97674       0.45946
      -1.96774       0.46069
      -1.95774       0.46279
      -1.94774       0.46570
      -1.93774       0.46982
      -1.92874       0.47544
      -1.91874       0.48256
      -1.90874       0.49138
      -1.89974       0.50237
      -1.88974       0.51543
      -1.87974       0.53086
      -1.86974       0.54897
      -1.86074       0.56991
      -1.85074       0.59350
      -1.84074       0.62030
      -1.83174       0.65010
      -1.82174       0.68300
      -1.81174       0.71890
      -1.80174       0.75830
      -1.79274       0.80060
      -1.78274       0.84640
      -1.77274       0.89550
      -1.76374       0.94780
      -1.75374       1.00350
      -1.74374       1.06240
      -1.73374       1.12410
      -1.72474       1.18850
      -1.71474       1.25450
      -1.70474       1.32150
      -1.69574       1.38840
      -1.68574       1.45380
      -1.67574       1.51660
      -1.66574       1.57520
      -1.65674       1.62810
      -1.64674       1.67400
      -1.63674       1.71220
      -1.62774       1.74180
      -1.61774       1.76260
      -1.60774       1.77480
      -1.59774       1.77910
      -1.58874       1.77660
      -1.57874       1.76940
      -1.56874       1.75930
      -1.55974       1.74870
      -1.54974       1.74080
      -1.53974       1.73810
      -1.52974       1.74420
      -1.52074       1.76170
      -1.51074       1.79350
      -1.50074       1.84200
      -1.49174       1.90920
      -1.48174       1.99650
      -1.47174       2.10440
      -1.46174       2.23330
      -1.45274       2.38010
      -1.44274       2.54440
      -1.43274       2.72110
      -1.42374       2.90710
      -1.41374       3.09680
      -1.40374       3.28360
      -1.39374       3.46310
      -1.38474       3.62740
      -1.37474       3.77380
      -1.36474       3.89490
      -1.35574       3.98770
      -1.34574       4.04970
      -1.33574       4.08230
      -1.32574       4.08220
      -1.31674       4.05240
      -1.30674       3.99700
      -1.29674       3.92030
      -1.28774       3.82280
      -1.27774       3.71310
      -1.26774       3.59280
      -1.25774       3.46650
      -1.24874       3.33880
      -1.23874       3.20850
      -1.22874       3.08120
      -1.21974       2.95670
      -1.20974       2.83370
      -1.19974       2.71450
      -1.18974       2.59780
      -1.18074       2.48120
      -1.17074       2.36730
      -1.16074       2.25230
      -1.15174       2.13760
      -1.14174       2.02400
      -1.13174       1.91000
      -1.12174       1.79730
      -1.11274       1.68570
      -1.10274       1.57810
      -1.09274       1.47240
      -1.08374       1.37231
      -1.07374       1.27678
      -1.06374       1.18662
      -1.05374       1.10334
      -1.04474       1.02595
      -1.03474       0.95492
      -1.02474       0.88998
      -1.01574       0.83088
      -1.00574       0.77724
      -0.99574       0.72853
      -0.98574       0.68431
      -0.97674       0.64400
      -0.96674       0.60705
      -0.95674       0.57321
      -0.94774       0.54191
      -0.93774       0.51279
      -0.92774       0.48553
      -0.91774       0.45983
      -0.90874       0.43529
      -0.89874       0.41187
      -0.88874       0.38931
      -0.87974       0.36727
      -0.86974       0.34573
      -0.85974       0.32456
      -0.84974       0.30356
      -0.84074       0.28269
      -0.83074       0.26207
      -0.82074       0.24157
      -0.81174       0.22140
      -0.80174       0.20155
      -0.79174       0.18222
      -0.78174       0.16360
      -0.77274       0.14569
      -0.76274       0.12890
      -0.75274       0.11312
      -0.74374       0.09861
      -0.73374       0.08539
      -0.72374       0.07351
      -0.71374       0.06295
      -0.70474       0.05369
      -0.69474       0.04565
      -0.68474       0.03872
      -0.67574       0.03281
      -0.66574       0.02780
      -0.65574       0.02356
      -0.64574       0.01999
      -0.63674       0.01697
      -0.62674       0.01441
      -0.61674       0.01224
      -0.60774       0.01038
      -0.59774       0.00879
      -0.58774       0.00742
      -0.57774       0.00624
      -0.56874       0.00523
      -0.55874       0.00436
      -0.54874       0.00362
      -0.53974       0.00301
      -0.52974       0.00250
      -0.51974       0.00210
      -0.50974       0.00179
      -0.50074       0.00158
      -0.49074       0.00145
      -0.48074       0.00141
      -0.47174       0.00145
      -0.46174       0.00157
      -0.45174       0.00176
      -0.44174       0.00201
      -0.43274       0.00233
      -0.42274       0.00271
      -0.41274       0.00312
      -0.40374       0.00356
      -0.39374       0.00402
      -0.38374       0.00447
      -0.37474       0.00490
      -0.36474       0.00530
      -0.35474       0.00564
      -0.34474       0.00591
      -0.33574       0.00612
      -0.32574       0.00626
      -0.31574       0.00633
      -0.30674       0.00637
      -0.29674       0.00639
      -0.28674       0.00642
      -0.27674       0.00650
      -0.26774       0.00667
      -0.25774       0.00697
      -0.24774       0.00743
      -0.23874       0.00808
      -0.22874       0.00893
      -0.21874       0.00999
      -0.20874       0.01125
      -0.19974       0.01268
      -0.18974       0.01423
      -0.17974       0.01584
      -0.17074       0.01745
      -0.16074       0.01898
      -0.15074       0.02037
      -0.14074       0.02152
      -0.13174       0.02240
      -0.12174       0.02295
      -0.11174       0.02316
      -0.10274       0.02302
      -0.09274       0.02255
      -0.08274       0.02177
      -0.07274       0.02074
      -0.06374       0.01952
      -0.05374       0.01816
      -0.04374       0.01671
      -0.03474       0.01522
      -0.02474       0.01376
      -0.01474       0.01232
      -0.00474       0.01097
       0.00426       0.00969
       0.01426       0.00851
       0.02426       0.00742
       0.03326       0.00643
       0.04326       0.00552
       0.05326       0.00470
       0.06326       0.00397
       0.07226       0.00331
       0.08226       0.00274
       0.09226       0.00223
       0.10126       0.00179
       0.11126       0.00142
       0.12126       0.00111
       0.13126       0.00085
       0.14026       0.00065
       0.15026       0.00048
       0.16026       0.00035
       0.16926       0.00025
       0.17926       0.00018
       0.18926       0.00012
       0.19926       0.00008
       0.20826       0.00006
       0.21826       0.00004
       0.22826       0.00002
       0.23726       0.00002
       0.24726       0.00001
       0.25726       0.00001
       0.26726       0.00000
       0.27626       0.00000
       0.28626       0.00000
       0.29626       0.00000
       0.30526       0.00000
       0.31526       0.00000
       0.32526       0.00000
       0.33526       0.00000
       0.34426       0.00000
       0.35426       0.00000
       0.36426       0.00000
       0.37326       0.00000
       0.38326       0.00000
       0.39326       0.00000
       0.40326       0.00000
       0.41226       0.00000
       0.42226       0.00000
       0.43226       0.00000
       0.44126       0.00000
       0.45126       0.00000
       0.46126       0.00000
       0.47126       0.00000
       0.48026       0.00000
       0.49026       0.00000
       0.50026       0.00000
       0.50926       0.00000
       0.51926       0.00000
       0.52926       0.00000
       0.53926       0.00000
       0.54826       0.00000
       0.55826       0.00000
       0.56826       0.00000
       0.57726       0.00000
       0.58726       0.00000
       0.59726       0.00000
       0.60726       0.00000
       0.61626       0.00000
       0.62626       0.00000
       0.63626       0.00000
       0.64526       0.00000
       0.65526       0.00000
       0.66526       0.00000
       0.67526       0.00000
       0.68426       0.00000
       0.69426       0.00000
       0.70426       0.00000
       0.71326       0.00001
       0.72326       0.00001
       0.73326       0.00002
       0.74326       0.00003
       0.75226       0.00004
       0.76226       0.00007
       0.77226       0.00010
       0.78126       0.00015
       0.79126       0.00023
       0.80126       0.00033
       0.81126       0.00047
       0.82026       0.00066
       0.83026       0.00091
       0.84026       0.00123
       0.84926       0.00163
       0.85926       0.00212
       0.86926       0.00271
       0.87926       0.00340
       0.88826       0.00418
       0.89826       0.00505
       0.90826       0.00598
       0.91726       0.00696
       0.92726       0.00794
       0.93726       0.00890
       0.94726       0.00979
       0.95626       0.01056
       0.96626       0.01120
       0.97626       0.01165
       0.98526       0.01190
       0.99526       0.01194
       1.00526       0.01178
       1.01526       0.01140
       1.02426       0.01086
       1.03426       0.01017
       1.04426       0.00937
       1.05326       0.00850
       1.06326       0.00761
       1.07326       0.00673
       1.08326       0.00589
       1.09226       0.00511
       1.10226       0.00442
       1.11226       0.00381
       1.12126       0.00329
       1.13126       0.00287
       1.14126       0.00254
       1.15126       0.00228
       1.16026       0.00209
       1.17026       0.00197
       1.18026       0.00189
       1.18926       0.00186
       1.19926       0.00187
       1.20926       0.00192
       1.21926       0.00200
       1.22826       0.00211
       1.23826       0.00226
       1.24826       0.00242
       1.25726       0.00261
       1.26726       0.00282
       1.27726       0.00305
       1.28726       0.00329
       1.29626       0.00353
       1.30626       0.00378
       1.31626       0.00402
       1.32526       0.00425
       1.33526       0.00447
       1.34526       0.00468
       1.35526       0.00487
       1.36426       0.00504
       1.37426       0.00520
       1.38426       0.00535
       1.39326       0.00550
       1.40326       0.00565
       1.41326       0.00580
       1.42326       0.00598
       1.43226       0.00618
       1.44226       0.00641
       1.45226       0.00668
       1.46126       0.00700
       1.47126       0.00736
       1.48126       0.00778
       1.49126       0.00824
       1.50026       0.00875
       1.51026       0.00931
       1.52026       0.00990
       1.52926       0.01051
       1.53926       0.01114
       1.54926       0.01177
       1.55926       0.01239
       1.56826       0.01298
       1.57826       0.01354
       1.58826       0.01405
       1.59726       0.01450
       1.60726       0.01488
       1.61726       0.01520
       1.62726       0.01546
       1.63626       0.01564
       1.64626       0.01578
       1.65626       0.01586
       1.66526       0.01591
       1.67526       0.01593
       1.68526       0.01594
       1.69526       0.01594
       1.70426       0.01595
       1.71426       0.01597
       1.72426       0.01602
       1.73326       0.01610
       1.74326       0.01621
       1.75326       0.01635
       1.76326       0.01652
       1.77226       0.01673
       1.78226       0.01696
       1.79226       0.01721
       1.80126       0.01748
       1.81126       0.01777
       1.82126       0.01806
       1.83126       0.01836
       1.84026       0.01865
       1.85026       0.01893
       1.86026       0.01920
       1.86926       0.01945
       1.87926       0.01969
       1.88926       0.01989
       1.89926       0.02008
       1.90826       0.02025
       1.91826       0.02039
       1.92826       0.02051
       1.93726       0.02061
       1.94726       0.02070
       1.95726       0.02078
       1.96726       0.02086
       1.97626       0.02095
       1.98626       0.02104
       1.99626       0.02114
       2.00526       0.02128
       2.01526       0.02145
       2.02526       0.02166
       2.03526       0.02191
       2.04426       0.02220
       2.05426       0.02253
       2.06426       0.02292
       2.07326       0.02335
       2.08326       0.02381
       2.09326       0.02431
       2.10326       0.02483
       2.11226       0.02538
       2.12226       0.02593
       2.13226       0.02650
       2.14126       0.02708
       2.15126       0.02765
       2.16126       0.02822
       2.17126       0.02879
       2.18026       0.02935
       2.19026       0.02990
       2.20026       0.03044
       2.20926       0.03096
       2.21926       0.03150
       2.22926       0.03202
       2.23926       0.03252
       2.24826       0.03302
       2.25826       0.03350
       2.26826       0.03399
       2.27726       0.03447
       2.28726       0.03495
       2.29726       0.03543
       2.30726       0.03593
       2.31626       0.03644
       2.32626       0.03698
       2.33626       0.03754
       2.34526       0.03814
       2.35526       0.03879
       2.36526       0.03950
       2.37526       0.04024
       2.38426       0.04105
       2.39426       0.04191
       2.40426       0.04281
       2.41326       0.04376
       2.42326       0.04471
       2.43326       0.04567
       2.44326       0.04663
       2.45226       0.04756
       2.46226       0.04845
       2.47226       0.04929
       2.48126       0.05005
       2.49126       0.05074
       2.50126       0.05136
       2.51126       0.05190
       2.52026       0.05236
       2.53026       0.05274
       2.54026       0.05307
       2.54926       0.05333
       2.55926       0.05355
       2.56926       0.05374
       2.57926       0.05389
       2.58826       0.05404
       2.59826       0.05418
       2.60826       0.05433
       2.61726       0.05451
       2.62726       0.05472
       2.63726       0.05496
       2.64726       0.05526
       2.65626       0.05560
       2.66626       0.05600
       2.67626       0.05645
       2.68526       0.05695
       2.69526       0.05749
       2.70526       0.05805
       2.71526       0.05862
       2.72426       0.05919
       2.73426       0.05976
       2.74426       0.06031
       2.75326       0.06084
       2.76326       0.06137
       2.77326       0.06188
       2.78326       0.06244
       2.79226       0.06303
       2.80226       0.06366
       2.81226       0.06440
       2.82126       0.06525
       2.83126       0.06622
       2.84126       0.06733
       2.85126       0.06858
       2.86026       0.06997
       2.87026       0.07146
       2.88026       0.07307
       2.88926       0.07475
       2.89926       0.07646
       2.90926       0.07817
       2.91826       0.07983
       2.92826       0.08141
       2.93826       0.08285
       2.94826       0.08413
       2.95726       0.08519
       2.96726       0.08601
       2.97726       0.08655
       2.98626       0.08683
       2.99626       0.08680
       3.00626       0.08650
       3.01626       0.08593
       3.02526       0.08512
       3.03526       0.08409
       3.04526       0.08285
       3.05426       0.08148
       3.06426       0.08000
       3.07426       0.07844
       3.08426       0.07681
       3.09326       0.07517
       3.10326       0.07353
       3.11326       0.07188
       3.12226       0.07025
       3.13226       0.06864
       3.14226       0.06706
       3.15226       0.06551
       3.16126       0.06399
       3.17126       0.06250
       3.18126       0.06102
       3.19026       0.05958
       3.20026       0.05815
       3.21026       0.05675
       3.22026       0.05537
       3.22926       0.05400
       3.23926       0.05266
       3.24926       0.05134
       3.25826       0.05007
       3.26826       0.04881
       3.27826       0.04759
       3.28826       0.04642
       3.29726       0.04529
       3.30726       0.04421
       3.31726       0.04318
       3.32626       0.04219
       3.33626       0.04122
       3.34626       0.04029
       3.35626       0.03936
       3.36526       0.03842
       3.37526       0.03747
       3.38526       0.03648
       3.39426       0.03543
       3.40426       0.03431
       3.41426       0.03314
       3.42426       0.03188
       3.43326       0.03057
       3.44326       0.02921
       3.45326       0.02781
       3.46226       0.02637
       3.47226       0.02494
       3.48226       0.02352
       3.49226       0.02212
       3.50126       0.02076
       3.51126       0.01945
       3.52126       0.01819
       3.53026       0.01698
       3.54026       0.01582
       3.55026       0.01471
       3.56026       0.01365
       3.56926       0.01262
       3.57926       0.01161
       3.58926       0.01064
       3.59826       0.00969
       3.60826       0.00876
       3.61826       0.00785
       3.62826       0.00698
       3.63726       0.00614
       3.64726       0.00535
       3.65726       0.00460
       3.66626       0.00391
       3.67626       0.00328
       3.68626       0.00271
       3.69626       0.00221
       3.70526       0.00178
       3.71526       0.00141
       3.72526       0.00109
       3.73426       0.00084
       3.74426       0.00063
       3.75426       0.00047
       3.76426       0.00034
       3.77326       0.00025
       3.78326       0.00017
       3.79326       0.00012
       3.80226       0.00008
       3.81226       0.00005
       3.82226       0.00004
       3.83226       0.00002
       3.84126       0.00001
       3.85126       0.00001
       3.86126       0.00001
       3.87026       0.00000
       3.88026       0.00000
       3.89026       0.00000
       3.90026       0.00000
       3.90926       0.00000
       3.91926       0.00000
       3.92926       0.00000
       3.93826       0.00000
       3.94826       0.00000
       3.95826       0.00000
       3.96826       0.00000
       3.97726       0.00000
       3.98726       0.00000
       3.99726       0.00000
       4.00626       0.00000
       4.01626       0.00000
       4.02626       0.00000
       4.03626       0.00000
       4.04526       0.00000
       4.05526       0.00000
       4.06526       0.00000
       4.07426       0.00000
       4.08426       0.00000
       4.09426       0.00000
       4.10426       0.00000
       4.11326       0.00000
       4.12326       0.00000
       4.13326       0.00000
       4.14226       0.00000
       4.15226       0.00000
       4.16226       0.00000
       4.17226       0.00000
       4.18126       0.00000
       4.19126       0.00000
       4.20126       0.00000
       4.21026       0.00000
       4.22026       0.00000
       4.23026       0.00000
       4.24026       0.00000
       4.24926       0.00000
       4.25926       0.00000
       4.26926       0.00000
       4.27826       0.00000
       4.28826       0.00000
       4.29826       0.00000
       4.30826       0.00000
       4.31726       0.00000
       4.32726       0.00000
       4.33726       0.00000
       4.34626       0.00000
       4.35626       0.00000
       4.36626       0.00000
       4.37626       0.00000
       4.38526       0.00000
       4.39526       0.00000
       4.40526       0.00000
       4.41426       0.00000
       4.42426       0.00000
       4.43426       0.00000
       4.44426       0.00000
       4.45326       0.00000
       4.46326       0.00000
       4.47326       0.00000
       4.48226       0.00000
       4.49226       0.00000
       4.50226       0.00000
       4.51226       0.00000
       4.52126       0.00000
       4.53126       0.00000
       4.54126       0.00000
       4.55026       0.00000
       4.56026       0.00000
       4.57026       0.00000
       4.58026       0.00000
       4.58926       0.00000
       4.59926       0.00000
       4.60926       0.00000
       4.61826       0.00000
       4.62826       0.00000
       4.63826       0.00000
       4.64826       0.00000
       4.65726       0.00000
       4.66726       0.00000
       4.67726       0.00000
       4.68626       0.00000
       4.69626       0.00000
       4.70626       0.00000
       4.71626       0.00000
       4.72526       0.00000
       4.73526       0.00000
       4.74526       0.00000
       4.75426       0.00000
       4.76426       0.00000
       4.77426       0.00000
       4.78426       0.00000
       4.79326       0.00000
       4.80326       0.00000
       4.81326       0.00000
       4.82226       0.00000
       4.83226       0.00000
       4.84226       0.00000
       4.85226       0.00000
       4.86126       0.00000
       4.87126       0.00000
       4.88126       0.00000
       4.89026       0.00000
       4.90026       0.00000
       4.91026       0.00000
       4.92026       0.00000
       4.92926       0.00000
       4.93926       0.00000
       4.94926       0.00000
       4.95826       0.00000
       4.96826       0.00000
       4.97826       0.00000
       4.98826       0.00000
       4.99726       0.00000
       5.00726       0.00000
       5.01726       0.00000
       5.02626       0.00000
       5.03626       0.00000
       5.04626       0.00000
       5.05626       0.00000
       5.06526       0.00000
       5.07526       0.00000
       5.08526       0.00000
       5.09426       0.00000
       5.10426       0.00000
       5.11426       0.00000
       5.12426       0.00000
       5.13326       0.00000
       5.14326       0.00000
       5.15326       0.00000
       5.16226       0.00000
       5.17226       0.00000
       5.18226       0.00000
       5.19226       0.00000
       5.20126       0.00000
       5.21126       0.00000
       5.22126       0.00000
       5.23026       0.00000
       5.24026       0.00000
       5.25026       0.00000
       5.26026       0.00000
       5.26926       0.00000
       5.27926       0.00000
       5.28926       0.00000
       5.29826       0.00000
       5.30826       0.00000
       5.31826       0.00000
       5.32826       0.00000
       5.33726       0.00000
       5.34726       0.00000
       5.35726       0.00000
       5.36626       0.00000
       5.37626       0.00000
       5.38626       0.00000
       5.39626       0.00000
       5.40526       0.00000
       5.41526       0.00000
       5.42526       0.00000
       5.43426       0.00000
       5.44426       0.00000
       5.45426       0.00000
       5.46426       0.00000
       5.47326       0.00000
       5.48326       0.00000
       5.49326       0.00000
       5.50226       0.00000
       5.51226       0.00000
       5.52226       0.00000
       5.53226       0.00000
       5.54126       0.00000
       5.55126       0.00000
       5.56126       0.00000
       5.57026       0.00000
       5.58026       0.00000
       5.59026       0.00000
       5.60026       0.00000
       5.60926       0.00000
       5.61926       0.00000
       5.62926       0.00000
       5.63826       0.00000
       5.64826       0.00000
       5.65826       0.00000
       5.66826       0.00000
       5.67726       0.00000
       5.68726       0.00000
       5.69726       0.00000
       5.70626       0.00000
       5.71626       0.00000
       5.72626       0.00000
       5.73626       0.00000
       5.74526       0.00000
       5.75526       0.00000
       5.76526       0.00000
       5.77426       0.00000
       5.78426       0.00000
       5.79426       0.00000
       5.80426       0.00000
       5.81326       0.00000
       5.82326       0.00000
       5.83326       0.00000
       5.84226       0.00000
       5.85226       0.00000
       5.86226       0.00000
       5.87226       0.00000
       5.88126       0.00000
       5.89126       0.00000
       5.90126       0.00000
       5.91026       0.00000
       5.92026       0.00000
       5.93026       0.00000
       5.94026       0.00000
       5.94926       0.00000
       5.95926       0.00000
       5.96926       0.00000
       5.97826       0.00000
       5.98826       0.00000
       5.99826       0.00000
       6.00826       0.00000
       6.01726       0.00000
       6.02726       0.00000
       6.03726       0.00000
       6.04626       0.00000
       6.05626       0.00000
       6.06626       0.00000
       6.07626       0.00000
       6.08526       0.00000
       6.09526       0.00000
       6.10526       0.00001
       6.11426       0.00001
       6.12426       0.00001
       6.13426       0.00001
       6.14426       0.00002
       6.15326       0.00003
       6.16326       0.00003
       6.17326       0.00004
       6.18226       0.00005
       6.19226       0.00006
       6.20226       0.00007
       6.21126       0.00008
       6.22126       0.00009
       6.23126       0.00010
       6.24126       0.00011
       6.25026       0.00012
       6.26026       0.00013
       6.27026       0.00013
       6.27926       0.00014
       6.28926       0.00013
       6.29926       0.00013
       6.30926       0.00013
       6.31826       0.00012
       6.32826       0.00011
       6.33826       0.00010
       6.34726       0.00009
       6.35726       0.00008
       6.36726       0.00007
       6.37726       0.00006
       6.38626       0.00005
       6.39626       0.00004
       6.40626       0.00003
       6.41526       0.00002
       6.42526       0.00002
       6.43526       0.00001
       6.44526       0.00001
       6.45426       0.00001
       6.46426       0.00001
       6.47426       0.00000
       6.48326       0.00000
       6.49326       0.00000
       6.50326       0.00000
       6.51326       0.00000
       6.52226       0.00000
       6.53226       0.00000
       6.54226       0.00000
       6.55126       0.00000
       6.56126       0.00000
       6.57126       0.00000
       6.58126       0.00000
       6.59026       0.00000
       6.60026       0.00000
       6.61026       0.00000
       6.61926       0.00000
       6.62926       0.00000
       6.63926       0.00000
       6.64926       0.00000
       6.65826       0.00000
       6.66826       0.00000
       6.67826       0.00000
       6.68726       0.00000
       6.69726       0.00000
       6.70726       0.00000
       6.71726       0.00000
       6.72626       0.00000
       6.73626       0.00000
       6.74626       0.00001
       6.75526       0.00001
       6.76526       0.00001
       6.77526       0.00001
       6.78526       0.00002
       6.79426       0.00002
       6.80426       0.00003
       6.81426       0.00003
       6.82326       0.00004
       6.83326       0.00005
       6.84326       0.00005
       6.85326       0.00006
       6.86226       0.00007
       6.87226       0.00008
       6.88226       0.00009
       6.89126       0.00010
       6.90126       0.00011
       6.91126       0.00012
       6.92126       0.00014
       6.93026       0.00016
       6.94026       0.00018
       6.95026       0.00020
       6.95926       0.00023
       6.96926       0.00025
       6.97926       0.00028
       6.98926       0.00031
       6.99826       0.00034
       7.00826       0.00037
       7.01826       0.00040
       7.02726       0.00043
       7.03726       0.00045
       7.04726       0.00047
       7.05726       0.00049
       7.06626       0.00050
       7.07626       0.00051
       7.08626       0.00051
       7.09526       0.00052
       7.10526       0.00052
       7.11526       0.00053
       7.12526       0.00054
       7.13426       0.00055
       7.14426       0.00057
       7.15426       0.00059
       7.16326       0.00061
       7.17326       0.00064
       7.18326       0.00067
       7.19326       0.00071
       7.20226       0.00074
       7.21226       0.00077
       7.22226       0.00080
       7.23126       0.00082
       7.24126       0.00084
       7.25126       0.00084
       7.26126       0.00084
       7.27026       0.00083
       7.28026       0.00082
       7.29026       0.00079
       7.29926       0.00076
       7.30926       0.00072
       7.31926       0.00067
       7.32926       0.00062
       7.33826       0.00057
       7.34826       0.00051
       7.35826       0.00046
       7.36726       0.00040
       7.37726       0.00035
       7.38726       0.00030
       7.39726       0.00025
       7.40626       0.00021
       7.41626       0.00017
       7.42626       0.00014
       7.43526       0.00011
       7.44526       0.00009
       7.45526       0.00007
       7.46526       0.00005
       7.47426       0.00004
       7.48426       0.00004
       7.49426       0.00003
       7.50326       0.00003
       7.51326       0.00003
       7.52326       0.00003
       7.53326       0.00003
       7.54226       0.00003
       7.55226       0.00003
       7.56226       0.00003
       7.57126       0.00004
       7.58126       0.00004
       7.59126       0.00004
       7.60126       0.00004
       7.61026       0.00004
       7.62026       0.00004
       7.63026       0.00004
       7.63926       0.00004
       7.64926       0.00004
       7.65926       0.00003
       7.66926       0.00003
       7.67826       0.00003
       7.68826       0.00002
       7.69826       0.00002
       7.70726       0.00002
       7.71726       0.00001
       7.72726       0.00001
       7.73726       0.00001
       7.74626       0.00001
       7.75626       0.00001
       7.76626       0.00000
       7.77526       0.00000
       7.78526       0.00000
       7.79526       0.00000
       7.80526       0.00000
       7.81426       0.00000
       7.82426       0.00000
       7.83426       0.00000
       7.84326       0.00000
       7.85326       0.00000
       7.86326       0.00000
       7.87326       0.00000
       7.88226       0.00000
       7.89226       0.00000
       7.90226       0.00000
       7.91126       0.00000
       7.92126       0.00000
       7.93126       0.00000
       7.94126       0.00000
       7.95026       0.00000
       7.96026       0.00000
       7.97026       0.00000
       7.97926       0.00000
       7.98926       0.00000
       7.99926       0.00000
       8.00926       0.00000
       8.01826       0.00000
       8.02826       0.00000
       8.03826       0.00000
       8.04726       0.00000
       8.05726       0.00000
       8.06726       0.00000
       8.07726       0.00000
       8.08626       0.00000
       8.09626       0.00000
       8.10626       0.00000
       8.11526       0.00000
       8.12526       0.00000
       8.13526       0.00000
       8.14526       0.00000
       8.15426       0.00000
       8.16426       0.00000
       8.17426       0.00000
       8.18326       0.00000
       8.19326       0.00000
       8.20326       0.00000
       8.21326       0.00000
       8.22226       0.00000
       8.23226       0.00000
       8.24226       0.00000
       8.25126       0.00000
       8.26126       0.00000
       8.27126       0.00000
       8.28126       0.00000
       8.29026       0.00000
       8.30026       0.00000
       8.31026       0.00000
       8.31926       0.00000
       8.32926       0.00000
       8.33926       0.00000
       8.34926       0.00000
       8.35826       0.00000
       8.36826       0.00000
       8.37826       0.00000
       8.38726       0.00000
       8.39726       0.00000
       8.40726       0.00000
       8.41726       0.00000
       8.42626       0.00000
       8.43626       0.00000
       8.44626       0.00000
       8.45526       0.00000
       8.46526       0.00000
       8.47526       0.00000
       8.48526       0.00000
       8.49426       0.00000
       8.50426       0.00000
       8.51426       0.00000
       8.52326       0.00000
       8.53326       0.00000
       8.54326       0.00000
       8.55326       0.00000
       8.56226       0.00000
       8.57226       0.00000
       8.58226       0.00000
       8.59126       0.00000
       8.60126       0.00000
       8.61126       0.00000
       8.62126       0.00000
       8.63026       0.00000
       8.64026       0.00000
       8.65026       0.00000
       8.65926       0.00000
       8.66926       0.00000
       8.67926       0.00000
       8.68926       0.00000
       8.69826       0.00000
       8.70826       0.00000
       8.71826       0.00000
       8.72726       0.00000
       8.73726       0.00000
       8.74726       0.00000
       8.75726       0.00000
       8.76626       0.00000
       8.77626       0.00000
       8.78626       0.00000
       8.79526       0.00000
       8.80526       0.00000
       8.81526       0.00000
       8.82526       0.00000
       8.83426       0.00000
       8.84426       0.00000
       8.85426       0.00000
       8.86326       0.00000
       8.87326       0.00000
       8.88326       0.00000
       8.89326       0.00000
       8.90226       0.00000
       8.91226       0.00000
       8.92226       0.00000
       8.93126       0.00000
